3250
2734
3960
9425
4148
1561
9098
13
3761
8978
6914
562
1612
4760
239
8672
4639
9178
3527
5897
6399
5345
7314
3154
6541
5050
5159
3045
4668
8719
4408
3974
2753
8650
7041
8575
4336
8347
9908
1520
5100
2401
143
881
1024
1776
4953
6358
395
3996
7659
1504
8744
2746
1024
4451
222
3879
6301
7732
4156
5692
1633
7921
956
7578
1715
4351
6777
359
8597
2072
3722
9703
6031
6115
4690
671
4062
5570
3314
4115
6900
1814
9254
5150
9220
7639
9327
3241
7023
526
1577
553
4890
7599
4063
5079
2973
7044
2618
236
9207
8816
3359
2710
2030
9359
4830
5578
6623
7084
3240
2767
4136
193
836
3591
1592
3393
6376
1492
7525
5962
6152
8395
1844
2504
3129
210
2490
6773
4538
3574
5232
125
353
894
1667
3733
724
5546
9784
2676
502
5651
8973
9265
6547
738
2729
4674
7265
9215
9808
2588
4118
4766
4156
5387
2937
5660
3340
7645
8154
1936
9787
2220
2032
5009
1399
6932
9618
6239
3204
2873
250
8541
9820
2523
3763
1984
7741
1611
6013
4246
102
8722
2117
7111
7852
6140
7502
5734
801
4344
4114
8920
9634
7636
7064
4619
6987
2512
5243
4496
1911
6000
5654
8631
9984
1297
2013
4011
2479
8037
7366
6770
836
7536
3241
3531
7485
711
3939
300
3281
8202
5837
4406
8128
3274
3340
6365
7276
7043
4020
3654
7113
3641
3103
6410
2968
1924
9125
5358
4489
4106
7440
9967
3040
9147
4154
8767
7802
4917
2711
1150
7671
6129
7010
9318
3268
9919
5765
8460
7936
6125
9308
9757
8099
486
5051
4358
9328
2667
5503
5470
1660
418
4981
915
7862
9867
6385
4377
5301
7757
4596
3726
232
5367
743
8736
7072
5150
3692
5241
271
7551
1536
8470
2095
412
8750
8866
1033
7652
752
6928
5945
8137
895
8328
9129
3680
9231
8946
5105
4719
6215
3757
364
7934
7795
3104
6117
7448
1227
4933
9193
4180
5107
3926
5548
252
7296
2022
1060
6219
8482
9153
4811
853
8541
8948
4339
8029
3680
5838
272
4563
5243
5718
3457
3969
8882
2736
6746
5581
3108
1624
9342
8412
8097
6122
2336
7445
3789
3626
7637
2523
7826
7401
7211
9284
5726
5724
1436
3798
1867
7550
5099
6806
4324
1599
7207
4615
5197
4049
2673
8028
4337
5128
659
6321
8894
2404
3028
4371
3983
5853
2029
4313
4991
5107
1946
7362
8934
693
498
7780
8424
583
9789
6111
2429
9608
6696
8562
7528
7400
5045
2060
4876
881
6153
9878
9250
4439
6802
1152
6475
5984
2303
9801
4143
9029
8659
640
7347
6083
3114
6117
2361
6088
6226
5638
1997
3825
6316
4605
5932
9112
257
57
8833
4658
2063
9451
1503
7651
651
6675
7110
7532
3923
3495
6263
9029
8560
1456
8350
1524
4754
6953
4314
3251
3560
9636
7991
1700
5978
8472
9161
1208
9240
5803
5751
167
4037
3896
8055
6637
184
5287
4401
1106
1227
41
1777
8194
4260
438
9244
1973
7337
4537
5115
3545
5046
2753
3569
122
2248
9150
2616
4172
5730
7081
8299
5836
3560
6970
949
4656
7317
2011
1039
805
5406
2220
9411
3984
9800
7440
835
20
9284
8460
1604
6384
6636
2146
2273
1703
733
5687
6280
5941
7045
960
7060
2944
2659
4326
3717
6031
2644
8180
4408
2680
2215
6519
2771
743
536
6219
5611
2389
9539
1269
9961
8541
6117
8862
1609
812
392
3469
1472
3390
3897
7148
9790
2328
5255
8926
3530
3177
6722
4563
5169
3172
6067
9990
4357
4946
78
9169
1156
7118
9671
1748
9835
4895
7143
2575
4269
3572
9807
3680
2277
5804
9603
4950
9178
9450
5058
1171
4323
9623
4166
537
7758
4565
6926
5552
7326
9172
8219
5320
3673
7468
955
3408
8953
4565
3304
373
3721
3054
9144
9360
8716
9766
8547
1657
3209
4094
6230
6905
7269
4107
4675
1173
5756
6168
5557
216
5405
9150
1857
2132
7788
7570
9494
6417
3701
3994
8660
2258
3228
251
6092
6539
9245
2916
5663
9377
8414
5262
6666
4621
7674
3148
7367
8090
7061
9402
9611
4564
61
5584
6708
7092
2097
3073
4876
576
2294
8374
9689
2537
5408
5295
7350
9604
3785
628
3617
4008
8391
4954
3170
3630
2512
1545
2597
5702
4625
8473
1330
5688
1529
5293
9175
8381
2149
6968
1176
3646
362
6686
5961
2990
5153
9592
8596
8816
7241
6390
9828
5040
8750
5426
4702
7463
3960
6020
7870
5168
611
8012
2372
8686
7980
4691
3929
4012
3844
9061
5852
1243
3455
2433
4812
8235
2093
3886
4406
7339
5982
7761
1336
7676
856
7490
2551
2783
1232
8472
3863
8546
1900
8391
619
6120
7754
6051
1435
5984
1987
3599
8862
3683
5549
871
3483
7384
5457
7531
195
9641
1949
3083
5193
7386
6612
9724
1192
8237
9811
8701
9651
6797
5067
9741
3304
2429
2273
7420
4405
1213
6162
2998
6131
7032
4107
8140
4434
9305
8553
4471
4792
8259
246
7971
3984
1050
3284
204
3001
3860
2625
6503
9493
7014
4989
9749
1997
4934
2368
3014
9327
6952
4027
9794
6529
2715
3550
6621
9617
8576
253
9480
362
8633
80
2611
1966
4019
3095
2814
6782
7998
8098
6913
1915
2407
652
3473
1085
7318
4771
9258
4322
8588
7282
9869
4181
9318
4658
5140
5151
5917
2297
9536
6474
2052
6959
1321
8800
9443
7095
9350
8657
4364
8808
1248
37
4282
5635
8940
9705
9144
9009
9467
3436
3337
6621
2193
4299
2417
124
6614
4600
6241
4481
7014
5496
4174
9406
3105
2943
5630
4294
6022
8810
637
4700
1218
1857
9723
5754
409
845
4468
9007
9685
232
8887
479
144
342
7389
2070
4815
1168
8627
5292
6
876
8404
2982
4863
143
1243
9531
6398
9924
6728
7597
2204
4858
6046
4616
672
2122
6413
5076
5722
9415
2
4340
8236
4496
5725
2942
6960
297
3268
2301
4259
5829
7223
8891
7945
6199
8480
9282
7908
5192
796
2730
4877
720
1129
4609
3031
5970
7728
9408
7472
9554
7804
2154
6724
4486
2663
8168
8880
9243
4479
169
7392
406
6352
3758
1822
5543
6651
2161
1038
5623
4325
2078
7072
2080
4145
7793
4609
7173
6562
5704
3865
5483
5125
3817
8372
7709
4409
1826
9265
2439
5811
6241
2985
6757
6539
9540
1666
4960
8718
4836
4942
1514
39
5762
9967
8227
4493
3034
6831
6589
2330
1755
7425
4381
8369
9280
8781
8977
1841
8589
4441
183
2713
163
1560
8532
4727
4886
3639
8251
2141
9579
9502
4337
8018
357
4935
8472
975
4248
5191
9703
5193
1058
6254
2737
6606
3413
4833
7202
7083
8508
608
5970
2889
6869
891
9127
5405
434
6865
3888
2977
9066
4899
632
5190
2729
2065
9718
3052
2633
5822
3615
7484
5279
4601
3604
6831
3472
5188
1640
5689
7684
9989
3052
4964
4676
3611
2178
5641
8311
1348
7315
9476
4057
4497
755
6408
2457
8938
1667
2770
125
1695
487
6441
7160
4962
5239
5664
2282
4658
5390
7740
8797
9901
9153
9792
6637
8092
8850
5652
364
8726
6719
5647
5068
376
4736
6654
7738
8602
6930
4775
2445
9351
6971
7760
3582
2128
4454
566
5402
5188
8031
424
9677
7399
6529
8709
3280
6448
2784
820
44
6487
4312
7864
7144
9702
2621
9427
7295
9527
6918
536
2746
3667
6760
3043
3156
257
5762
5670
5860
7350
6017
2857
7519
8505
6520
7298
8412
282
8001
351
5031
6524
2295
8231
9605
7780
761
3722
4172
8540
465
9375
2243
8850
1428
7754
1493
6520
9187
5161
7572
963
4369
6512
1420
1056
3603
6230
1555
6931
2049
4751
7573
5145
8719
4052
6873
3679
1920
747
9010
6045
8174
8163
3688
8302
9247
9909
9684
1617
2109
9136
3479
2382
7265
6094
2031
9441
1095
4852
8473
2922
5602
5712
7010
2118
9671
4512
7223
6215
2769
1845
2042
4041
1938
2435
4583
8005
7267
7801
4489
6728
8876
6877
1290
7243
8840
3562
38
5749
7275
516
9403
9003
98
1988
2915
9616
2126
2350
1950
7801
6411
674
918
9628
7491
3517
556
6462
4260
9012
4648
4378
605
2114
1079
5925
3280
8006
849
567
9655
3101
9254
752
9472
7422
9128
6525
1549
572
3484
9652
8902
1730
2865
5549
9626
2945
3759
731
953
5731
9453
529
4882
3940
5487
8709
2110
7661
1840
5518
7922
14
4188
8863
5315
1159
2734
801
8328
3464
9427
4424
9584
8804
4336
8513
2581
2127
7918
4245
3816
5755
6320
9204
971
8374
799
56
442
152
7294
3949
1592
9038
2371
8825
7323
8396
3925
6211
6982
3057
8449
2536
7151
8419
448
8590
1733
7665
9866
4865
4580
3498
6624
8701
5359
3761
348
1507
7200
9810
1696
2615
7426
8797
6733
6642
252
2465
7609
7005
14
2609
2338
3816
6504
1115
9139
7467
5133
2762
7071
1725
1765
9369
4210
220
6904
1759
1243
5311
2009
9803
7037
6701
5292
877
2354
6163
4041
1304
8979
2659
7799
6034
9040
8292
1012
6084
2920
5554
1296
3069
273
1325
9753
5782
5596
4150
8449
7626
3464
8129
1765
4480
3009
3320
2688
3501
8518
8568
1541
3581
4362
7038
9679
9980
1494
2627
7098
2334
4184
5274
9323
9065
1039
450
6629
6725
959
262
4620
5427
8830
9842
6720
6597
2066
8409
8030
4271
920
7021
6932
8695
5796
1979
587
5516
616
694
9182
4302
9915
4876
9822
7732
4887
3576
1392
3069
5210
1256
325
9819
4488
3185
9782
3534
4980
4317
4690
2194
8504
3440
9465
9454
673
9166
2427
4942
4203
6138
2221
6502
4346
9594
2461
4476
3592
6190
4658
8155
9461
6424
898
8423
714
5836
6502
3532
5154
3786
3590
8852
3286
6614
8833
7605
1254
6535
4357
9385
869
3363
4191
7506
4569
1227
1316
1724
5929
4574
8159
6294
3666
5598
5417
8094
8049
4279
1192
8490
6599
5631
9871
6089
4500
4358
1522
2388
5962
5207
9875
6943
8173
743
5401
4865
4189
8005
9789
5736
5212
6402
7416
3496
1361
3181
1630
6190
5892
6175
5555
8007
9671
8368
2776
8126
3190
2014
2157
4639
2551
510
8451
975
4648
1559
5048
1251
4479
8551
9000
5637
9662
6244
7578
5535
5985
9878
5325
137
2397
5655
3122
8899
3129
510
5231
8938
9739
8799
2356
3898
1042
577
9717
367
5072
735
1262
3858
2490
2644
7718
5068
95
2973
2761
2300
3695
434
7424
6815
8883
5031
6254
3006
6128
7675
527
9486
7130
2031
5175
6694
9811
7582
6271
5314
3243
4475
4797
5662
3998
877
3671
7257
5963
2149
6850
4681
8863
6688
8716
6449
7952
2240
5847
1651
4789
3839
7726
6829
3087
3550
1544
5882
580
7013
6959
9659
782
3368
6821
7669
8400
4029
8833
8635
320
7674
1494
8963
6339
6069
6682
2514
6198
808
1138
8857
9061
7769
6230
8190
9100
7992
1697
7629
5687
7365
4055
8411
1020
6646
6286
2302
3814
7964
311
5398
8205
6204
6866
333
7667
6509
3016
3525
4972
2340
6123
2024
7404
9662
1620
5552
4656
8581
9498
8531
6405
6850
8507
6316
974
6753
134
1595
1714
2602
4414
4832
1648
4166
8362
2627
1672
7489
9299
8999
6284
2666
3730
7436
6843
2207
1114
2160
365
2537
3131
1906
7702
901
6096
6250
6235
6556
292
8962
3299
6231
8543
6867
4749
6572
757
2525
5386
3945
6169
7720
574
6575
978
8003
5805
3030
15
8490
9403
1859
6315
8768
2925
1677
2191
6383
3958
767
3178
1139
3071
8762
7405
987
719
4745
2320
936
9036
195
4451
9077
5931
9463
8881
5555
1779
3002
714
9680
1479
8769
8014
6815
442
6487
2100
5786
3195
4377
2233
5642
4348
8906
4062
9982
1704
6688
8308
2398
3559
3318
3835
870
1582
2066
958
8808
6357
3408
3727
6233
1595
7351
4486
2648
3666
6920
7387
8036
3886
417
6576
8269
5174
4552
1397
1871
4664
8117
4138
9522
9137
3125
3787
5016
3255
4233
8174
5762
5337
7384
6371
8533
5143
7023
9396
9134
1524
2664
1775
3021
8026
970
9109
9291
6843
8416
2113
1485
5303
4575
2998
9163
9699
7252
4273
3505
9766
7921
3686
8562
3095
6081
370
437
3448
3016
774
6733
1348
4197
9273
5658
2523
7947
5376
4782
7560
7721
7799
1685
2736
4092
9334
1143
5714
9421
6734
1633
7900
4410
2444
3616
6080
3477
8073
6593
2571
4288
4362
5854
3775
8155
1609
8521
6573
5979
2354
9052
9667
2548
1924
5000
6541
8383
2202
9841
3610
1981
4255
8923
1306
929
200
8875
7986
8142
7721
1988
3259
4156
6155
3878
770
5239
475
7534
4077
8649
7046
4739
6222
4081
1210
3891
5197
5854
9868
6051
6799
9193
7091
7351
7436
1875
7180
6233
4124
6320
7719
8281
5727
8255
9370
3662
7941
9897
8337
4501
551
9816
2169
6631
4054
6977
6762
6590
3601
3983
604
7633
9431
7456
3738
1116
7748
8320
3739
9629
6923
5852
5134
7396
3160
713
2145
2110
1021
3621
9034
2196
5651
552
4826
772
9898
274
5242
1784
1557
5874
843
1949
4785
8752
3539
5775
2079
1004
89
2548
2522
3359
5249
42
3367
1993
7154
9773
8060
8011
9303
9687
5425
583
9905
4393
5932
8828
3942
6146
7384
231
965
913
7482
6650
8153
7729
1611
1482
2565
5381
2317
4888
3860
5094
6988
5770
2252
6609
1422
5649
9705
6718
6805
5816
1002
3967
6611
544
8494
2244
6318
8159
2461
4317
93
6356
769
645
7104
5056
4909
9997
894
2722
8518
6946
7603
6759
7771
2379
65
6588
8938
8492
8487
7661
5365
3977
8237
7055
5264
5723
9657
8841
623
6125
2393
8700
6862
564
5361
1333
9532
2886
5971
5464
9899
3681
4570
6300
2485
9244
1555
5344
1042
6133
4254
3985
4740
724
3270
3525
5320
1224
6619
5966
823
8437
7247
2915
7373
2260
7411
9492
8555
2386
4715
1749
9669
6384
4608
9231
656
3487
7612
1070
7432
1048
3091
9158
389
8735
7479
891
2780
2358
7932
3214
4404
9687
6852
7178
6559
4715
6965
619
4786
2165
9292
4578
6847
2686
3011
1022
9733
7262
1634
4948
4983
9243
5363
9922
7811
9585
8688
9949
5060
1815
8999
3166
844
3405
403
6677
6284
48
672
7936
3480
4013
6729
6812
9712
4825
6764
3819
7752
2180
345
8741
5628
5078
3690
701
1808
9854
8914
5817
1006
5225
8896
4723
3123
9443
737
7363
5664
1153
2109
6315
4175
9545
8013
2884
6970
6298
6897
79
867
5150
4307
8880
1134
1291
6539
1842
2952
9269
9205
5626
5764
1483
717
3834
9658
973
3827
4404
8924
6069
2062
7992
5165
943
7955
4379
296
8736
2618
289
1829
9647
3443
3792
3026
5915
6004
4383
503
7177
8453
1916
3024
8623
1245
2587
8740
7114
2911
471
2726
5587
8662
9608
9623
7204
5830
7559
3456
8038
7201
9470
5709
1183
5768
5375
7881
7458
8457
3871
965
7838
2259
2667
7499
5395
6351
9560
1642
4369
2663
3909
3690
4439
4736
1871
3254
8142
534
4893
5756
1259
2036
3527
4116
9123
454
2465
571
4350
4550
5143
9811
7982
7068
1858
2665
7557
2300
840
8605
5851
5812
1497
1946
2265
7141
2972
8559
3070
8341
680
5825
3841
3977
9656
7702
1405
7872
3969
3086
3668
4600
6863
2517
2899
3608
7843
5733
5062
3049
6695
4872
9026
2414
8692
6832
656
1152
3300
9930
237
7665
4555
4594
4747
5498
2847
1374
5446
7880
7843
4466
4126
5758
7092
4870
7005
2309
5233
9355
6066
5070
6312
1628
168
7624
7982
8588
5610
2555
620
8485
965
3918
129
2204
2895
4037
7343
294
3890
3105
468
7364
6792
6678
6806
8291
5834
8035
9502
7190
8222
2368
2097
3470
6538
7646
3886
1144
4984
4081
3842
6075
4740
9827
6040
9708
511
2863
4007
3639
7571
2918
8969
4298
5377
6241
6628
1114
8961
6010
962
2576
9686
6216
7697
562
3644
3262
7143
8756
4346
3812
9573
3403
4888
9351
9976
8616
8677
4854
1336
4758
2855
623
2492
5949
9756
3328
5657
8980
5052
8305
8457
7148
5810
3135
9311
5451
1508
9277
2557
9942
7394
5399
8506
7338
8440
5662
3747
9278
6083
7221
3100
2046
71
3902
3379
3155
2143
5860
7939
9889
2311
2344
8105
1369
159
2263
6031
9835
9029
4951
6942
1965
5697
8112
6990
6456
2964
1407
9694
4767
9698
8520
6898
6254
2318
2635
2254
5117
3345
7486
9091
9421
2922
3457
4519
2853
1332
212
4710
7038
9441
3589
7000
5890
4794
1571
3396
2640
1467
7771
2177
8226
6977
8180
5066
8310
2992
7843
8153
3941
7063
2940
1224
4920
433
1688
7956
3626
6326
2179
8259
11
1249
3402
5715
5513
3544
5786
9116
8134
3225
8803
6109
5677
6011
5402
1909
1015
6288
3180
2724
6857
2978
6590
6547
65
3432
4722
5690
2131
1280
2860
2347
7479
6373
1530
1205
8570
4275
4042
3227
8591
1758
3191
6455
6068
9172
3272
5435
3520
224
8174
6120
5221
5594
3585
9582
4250
8690
4957
817
2906
9435
9408
661
2555
2121
6556
5750
3701
5864
7408
258
9597
1993
6511
9030
1843
1338
1301
8597
1371
775
6459
8381
1129
1574
5996
3014
7848
3812
1625
4663
4343
8450
37
8229
1060
6295
9581
2381
3361
5259
6827
9997
1326
4058
6728
4755
66
9432
1740
8867
12
8021
8521
8792
279
8322
8624
9195
824
8764
2139
1932
744
8141
5834
7482
5655
439
3660
7390
6342
65
4109
9939
3747
6156
441
1605
2535
3026
4993
550
3585
44
7361
3271
3645
7325
9999
5067
4353
5042
7399
4825
7407
339
1152
6636
7559
4668
4529
2059
6848
5543
9672
7574
9033
6274
892
392
1723
2891
6031
8072
3541
3487
2394
1436
6213
7584
3380
6392
8081
3034
1719
9045
8315
3275
2627
5156
9349
3731
6660
3102
5900
600
636
6239
5861
7221
1710
9211
9371
8554
556
2235
5461
936
5033
6483
2602
7106
3347
7222
6070
7946
4420
6896
5914
647
5618
8176
8575
8995
5105
4549
8845
8592
5477
9938
6308
5960
3622
3123
5909
9777
8461
3343
7530
7819
9221
2818
9662
3319
6229
7608
6298
9089
5901
1454
7918
5328
262
5832
7286
7242
5412
6477
6185
507
6364
4735
3323
6983
3498
931
550
1297
5953
7088
4402
6601
3763
1370
4163
8898
7834
9173
1480
3256
8147
4590
2038
7617
4846
3390
5603
3874
512
6650
584
429
2657
2857
3999
7286
8149
3369
8274
2273
3674
4529
7087
1673
6027
5354
1366
5219
9338
5427
5778
6243
3304
5676
597
1672
5282
7390
9792
8768
4069
2143
1022
2342
4645
7994
1024
9149
4336
8670
164
7716
9164
7138
9705
5648
9620
9524
6126
6107
6320
8386
4621
5182
7054
8447
6072
6642
6039
6038
5032
1860
991
4514
7140
3866
4731
3417
4668
1678
2632
1112
8616
3504
3887
7267
362
7595
6514
5208
1370
6963
2178
3723
6528
1859
5655
5087
9961
8629
5455
9428
4486
8200
8682
3636
4062
9122
8952
2821
808
4556
762
2070
9813
9625
7923
7604
3022
9699
1345
3924
8091
6550
1160
4174
4206
8957
7232
8947
2900
862
5520
9488
6888
4768
4433
1339
4736
5957
58
1514
896
6614
895
7238
1392
3836
8624
4132
2316
5801
3876
6751
7475
2679
5611
7398
4764
1522
6029
4403
7206
9330
977
1028
5223
7430
