964
262
5214
4659
7466
7439
9450
2251
9415
6582
704
921
216
5171
5530
9288
797
988
6425
7617
6199
9456
3983
4474
3500
6084
9355
5573
3472
8238
9145
9609
2050
7113
2824
4502
9604
4805
8737
847
3817
3318
2440
6420
3792
5351
2312
1918
576
1495
4875
1185
7399
7435
513
3080
1641
7661
9294
7620
8848
4895
3010
2963
9826
3250
6599
5579
580
5776
7184
6099
3106
9262
4006
9089
3637
3649
1999
9693
9434
3797
3617
6584
3575
5282
5379
2733
5439
4971
7736
7437
7681
2625
1312
7450
6516
2799
1559
3024
2558
2561
8016
2384
7089
559
9324
996
7661
3936
9162
1591
1634
2659
4477
3867
1998
8657
1864
4486
9273
5684
8435
487
2067
5909
6014
8263
2165
4400
2307
5845
3681
1347
2624
2581
4997
182
4554
531
8466
5431
8151
6342
622
764
9508
2234
6874
7330
2978
9058
1649
7746
2514
6899
1010
4818
6896
1396
4790
9825
6337
8094
6830
3993
1132
4934
4447
9583
542
4321
778
4145
1301
954
1846
6821
3145
1922
5019
3189
4452
257
8574
6360
213
3754
6658
6587
3354
4229
8485
3089
7186
9148
4824
1344
750
5813
3442
3929
172
739
5901
9124
5244
6660
7805
3564
7170
9905
5527
9779
2960
9159
6498
7739
5719
4570
4397
1836
653
6873
5465
871
7684
7885
4596
938
6831
8167
583
3654
8764
5243
9751
8479
251
3177
4176
109
6729
3117
3474
9171
7003
823
9764
2080
2434
3335
6921
8654
5475
8758
2643
6951
6480
9008
6881
2715
1364
1791
577
459
5663
5544
308
8463
6292
5629
5283
8162
9815
6035
7641
7887
6141
6
8495
6821
6698
6229
4760
8913
240
1906
5083
114
6296
9315
8663
7203
8779
301
1952
2510
6942
1900
7577
6436
8243
5897
5842
5234
753
6670
5221
4629
8010
2466
2862
9344
9891
408
7347
659
8380
6563
7236
1376
82
6772
4601
4149
7086
5505
5795
6596
6700
594
6175
9018
1513
36
4565
3251
3730
1077
7222
5491
802
3850
5576
2575
4589
5666
6822
5694
3578
4329
3685
9235
7554
1746
7466
2987
5482
5023
9465
1316
5783
395
1717
8504
1708
3173
1804
1494
2884
7925
9468
9651
2444
197
2470
4254
7225
5297
9032
9381
7682
7313
431
8867
3201
8312
9933
8191
3602
2403
3675
9285
8635
2705
9671
1806
1305
538
7274
6806
6529
9603
6905
7935
5205
2835
571
9395
2652
1441
6910
9524
3840
9878
1549
2923
3872
4712
4908
3365
7083
7063
6500
5763
5206
3503
4646
2018
9381
9305
6484
8346
9523
9919
8682
4535
1494
7034
4767
7498
658
661
1275
2603
4128
4273
2356
3531
1217
3963
7586
1060
4699
7941
46
1165
2871
815
8510
7401
7646
3200
6158
4500
1645
1295
3549
3776
2518
1179
3647
9041
2479
6184
7009
754
3315
4272
5666
9757
8617
8786
832
8068
7931
1799
8651
3398
9357
143
4347
5131
4968
9558
1161
5006
6710
5603
7283
1431
1942
2547
223
1317
9324
9657
1433
875
8353
3327
6188
1010
4839
3260
6541
967
5405
1537
9240
478
1127
8684
6668
3659
6812
398
9002
7402
7112
8995
53
8876
1119
286
3530
5036
1548
8772
4985
2095
2902
1938
5494
3758
4306
4503
4697
1773
6763
4353
3087
8211
5354
7997
1255
7298
5892
4614
185
1205
602
4467
9656
9648
3644
9172
4479
6674
5769
6094
2334
1718
7628
51
5286
4333
7335
4128
7116
3449
453
635
217
3925
5896
4498
7464
5564
2186
2405
4440
3045
8209
6324
8141
7161
7402
2188
1478
6431
321
8186
1311
6985
6108
5979
1592
4691
2892
1146
1734
4074
1701
4989
5021
3510
1994
4483
7622
678
4806
3800
9853
5233
3048
528
119
1175
8804
2761
3473
8738
6549
3031
7069
6145
8753
1408
7632
134
1799
1759
2054
8427
4081
7649
7826
8386
3134
7571
8783
4790
8320
7434
3585
9953
6284
9018
2038
8990
5708
7494
4556
2495
1872
8377
4060
843
8578
1871
539
8537
4350
3294
9161
4225
5402
1136
747
1820
3054
7686
5918
5348
222
5352
1882
6726
2799
9491
8956
5189
2828
8461
3683
4866
4574
9120
6658
1527
9177
7558
7455
7965
2117
7565
6953
3891
1292
4796
3177
7050
1474
2529
41
8972
8026
1801
6106
685
9794
9250
7564
2229
3657
9700
8723
6131
1757
2859
1591
1446
6930
2519
2558
1997
3797
3930
168
8488
1875
7434
8677
8275
6609
3835
9551
6786
9915
5660
4476
7334
6527
8752
9920
5746
147
3800
2394
1062
9621
2908
7400
2326
6575
5698
280
7535
6077
7246
9888
616
3852
9611
2068
5035
9768
2146
8929
196
4479
266
2808
2594
7475
7497
2190
2164
4247
8617
3152
1022
7264
2487
5245
2880
7502
9871
5251
6448
7419
6997
9154
3903
3324
4206
5393
6431
6715
8276
4716
6487
6274
4882
2208
2868
8256
1376
8454
218
1437
6220
4621
1210
895
2219
7860
9916
353
3463
6884
3907
9819
3657
6746
9523
5662
5904
4600
4179
1311
2559
3652
2345
53
9575
5618
2155
2618
2496
8986
6229
3657
770
4035
4385
2910
1433
1910
6706
3731
2160
8764
9393
9281
5731
5341
9300
954
1470
5094
932
5682
8859
6556
9997
3987
5754
3218
8268
2697
1702
2442
4852
6693
7032
9870
5728
1478
8586
2495
106
721
127
9529
8705
5225
4080
5883
1238
4543
3623
9318
4071
1108
1463
4214
2091
3261
7759
1146
1062
4379
3787
4687
462
2021
1367
9538
7038
2481
4773
1942
1719
2619
5986
5353
3103
2313
5988
5241
2679
8516
387
4088
7885
6142
9965
7932
9977
2587
8379
3733
3902
9373
7408
2410
3209
4692
4274
3724
1777
5252
7905
2508
9041
414
7717
1696
6866
6155
3233
2464
2561
