103
21976
9692
4282
7052
1325
6182
2839
3679
2682
9692
5026
2108
381
411
9409
5287
2071
6757
8481
7700
1859
4196
8956
3302
4134
4786
3690
3683
8122
5517
3500
7506
9884
2630
9599
7189
6753
4616
2905
3314
4975
3412
3904
3600
7298
8945
8422
3363
6187
7820
5936
5165
9259
7189
8007
8019
7680
853
9601
4882
6910
5680
4169
6675
1927
1845
9562
9790
8597
8040
5504
4088
8141
5678
3365
9577
4134
709
795
6620
5271
7426
6656
2685
7762
7976
8628
3197
9794
3211
4593
4585
2065
23
7386
1506
6339
3183
8563
4232
1098
755
3784
9931
