264
35165
435
6226
7240
4880
7461
1413
6542
3857
1494
1967
9780
1855
9684
8431
1469
5076
2009
8358
4653
8508
5210
87
6942
5753
1103
5551
7563
3998
3937
3690
3878
2905
7181
3655
4415
6311
2355
6663
2144
7166
6555
59
4959
2493
3191
4061
4909
5343
6187
4079
4311
3717
787
36
6368
5847
2563
9286
132
391
8105
6319
7607
1590
8331
5060
7567
8746
7250
2660
3644
3871
7694
5992
6487
7156
9692
1173
6615
8367
1536
9164
1461
2118
5915
4412
5585
237
5779
4306
5589
5778
7500
5361
6228
5767
2424
9009
1734
8644
1302
1578
7080
9229
2485
6303
6166
7366
9802
3952
7810
1880
4741
7978
8267
5615
5385
6067
3616
3928
5197
8596
9493
3216
7652
6215
905
5787
4656
7148
9493
1761
2812
5868
8237
2180
2494
3980
930
6069
1947
3810
6237
784
1817
5609
2610
2285
9546
3651
609
5923
721
3308
3900
3833
2697
7675
3872
9567
3634
5897
2913
6470
6163
5005
9375
894
4803
9033
3186
8615
3339
7232
2457
9279
460
1243
1193
8755
2185
790
893
2616
373
9230
7894
3388
3777
7446
7813
1824
1450
2241
1218
223
3634
6527
3814
2292
4136
6751
1824
182
9854
2264
8154
5110
5923
2798
1641
5365
1581
7025
3758
1323
4289
5318
5654
4441
3877
3309
1844
6333
6834
2545
864
9573
458
3796
5170
6289
1933
173
6039
61
8371
3046
2603
7721
6846
6198
8840
7375
5417
3841
5760
249
5453
4630
8578
7483
4607
4063
7375
6427
8975
2036
2037
7260
4661
851
2328
3676
