480
25398
5671
1918
467
496
1300
6166
9866
4504
3708
5232
9630
3862
2882
1667
3775
2524
5011
3194
2379
7118
271
8260
8213
6210
2849
8139
3368
8429
5105
1795
2068
8804
228
2563
7775
3448
8146
4985
7959
6434
758
4735
8229
6430
1000
1260
9777
5375
6376
1058
2283
5916
7838
8343
8579
7683
5927
7518
929
9835
207
8087
6765
2090
549
4548
552
193
468
5717
7797
7158
5114
1738
9188
3600
4734
18
6295
3382
7035
4593
8882
6734
1333
2034
5236
8665
9157
9761
8719
768
7216
5781
8510
9254
2097
5208
6843
2094
83
1299
9611
8644
9779
7563
6201
7884
1026
679
2426
5536
2726
4815
5610
4309
8729
7059
4245
2571
6208
7172
4747
4124
9897
7334
1807
80
6404
9233
6287
3044
7451
218
9875
8167
1464
4613
557
808
6829
7802
1421
3607
5288
4695
9608
8194
9035
3029
7370
6431
6907
8353
9477
256
9873
5334
1338
3201
2235
6919
7392
7039
5345
6958
5226
8247
8668
3127
1304
1543
4246
7484
2794
496
5867
8101
3547
2261
162
9176
3367
7428
105
4509
3070
6662
5522
4932
7369
5011
7824
7888
6387
7605
6519
9714
6571
9595
1378
5759
8357
9670
9398
9001
3363
8736
1091
7993
9274
6365
6366
856
4613
5124
9327
352
7397
8561
3719
8632
6960
426
8931
6664
2070
7181
843
2274
2709
5389
8470
1562
959
1064
8498
4710
8506
1352
2737
8441
5398
746
6333
112
8074
7264
7528
4624
4280
9478
693
4476
2605
9775
7175
7729
2411
7100
9584
7944
1669
6364
6838
3536
2548
1731
5952
8823
15
2422
7349
2246
723
4484
6971
9993
3204
7097
3531
8965
5057
5856
627
5509
5483
2305
2137
698
4364
7028
3322
3300
7889
869
1827
2835
2863
8093
1847
5137
9703
8807
4387
5723
2654
3036
2472
9615
3644
1429
9542
9330
6361
3407
2483
7171
9383
6224
2729
2086
5265
9346
1461
9750
2615
4128
8877
4865
5079
6048
262
5184
1385
9035
7119
8945
553
9818
4201
9599
224
7934
1003
6792
8487
4623
7154
434
1377
1915
8177
88
5419
6875
8488
2260
6312
2952
9721
1130
9519
6359
56
8011
8083
925
5047
2816
180
5245
8564
3091
3296
9883
1133
4374
2806
2713
3305
2847
2402
5017
8587
2782
2281
6658
4642
3651
7146
2917
1703
7189
7436
673
2152
9475
7101
2945
1826
4545
8398
7317
5440
6811
202
9397
1307
1542
2971
3593
3148
5745
842
3156
8556
1266
5183
1130
425
5656
3658
3346
4102
3128
6942
1154
8653
6765
450
8040
5138
1326
4648
2245
9683
2150
1727
265
5704
7565
931
43
7522
1171
5012
4393
2103
5732
5158
642
7024
1024
9797
9908
6769
2811
581
8354
8252
3606
8192
7561
254
9422
8755
7213
8493
4449
4129
6774
3145
1301
7974
6874
6258
995
1985
6248
