346
96853
1395
2099
2305
275
6624
8226
9031
7447
7369
7842
6210
2591
527
3033
707
3901
9232
8751
895
1863
1127
456
675
5308
2142
468
639
800
1683
3933
5661
8281
1654
240
4681
5781
2262
4659
7470
157
9735
7548
1831
1001
4476
9225
6380
5221
801
8924
5069
8315
584
7040
6851
4057
1710
6370
704
5863
4873
1732
1727
6212
3624
5050
817
9398
8105
7162
7248
7658
9132
8817
3024
3253
6118
7439
4948
7701
9244
4502
755
6121
6732
6185
575
7440
2232
1793
4814
4276
2095
1507
7409
4081
914
1971
2708
3066
4226
6684
7631
1803
1618
7464
9600
3643
741
8786
8695
6433
2049
2710
4359
4679
8174
9798
5571
1340
7573
5558
6629
3194
5984
1772
9802
226
4420
9900
4405
8696
4991
5792
2512
5861
5008
3225
2006
7521
4348
2225
3132
5902
195
2801
698
6942
235
8015
3230
427
2631
7625
3013
5621
2023
1218
5070
8452
9708
175
7611
3417
4549
6982
6117
467
9645
780
8849
3043
5837
8593
1898
5782
8312
7753
3543
659
9862
1025
5306
795
4686
6633
2228
3536
4037
6234
3322
8510
3200
9212
628
1196
8017
6737
69
8733
4832
3020
1126
4435
8018
5682
9904
8577
1710
5138
4805
5289
3805
3530
5533
5613
3575
3413
7100
536
6502
4451
7388
9733
3683
2130
2144
6452
1196
2920
8505
6768
1712
5227
2450
4695
3853
566
2017
9925
2801
4378
3505
579
1627
1972
4665
9942
2796
5626
7079
3292
1053
9003
7388
2923
5913
8364
2862
1546
2556
9866
5598
4982
9827
9806
9910
9442
9693
8172
6214
7287
9083
8412
9388
706
4593
3235
7921
5047
3315
2817
1460
8620
4454
5625
3133
637
3350
3559
3285
412
3383
6383
6574
6384
4318
9328
3945
6031
4877
9641
3922
3590
8934
8456
1913
9085
3611
8710
3310
7623
9883
9565
5362
1731
6400
7177
4944
2567
8927
4365
7111
4754
4862
4888
7203
2624
6634
7231
2935
2750
7736
2071
1953
9272
4126
941
7551
6207
1130
4338
4168
225
2616
8244
