414
46824
2460
6148
6314
9439
2770
3491
3323
8318
3762
5631
7921
4873
5962
858
4283
6549
7134
4561
5332
9821
3658
2009
8524
4539
1497
236
1267
751
1826
7314
4241
1851
5786
2178
9729
531
7379
7119
2029
4274
2893
5198
4185
9893
4779
4799
8346
7071
5234
8186
9949
9611
5767
1024
9784
2778
9263
2638
2002
5659
6846
4642
2738
3856
4708
3405
7628
8569
3403
3952
5555
9487
5185
9635
6608
9354
1581
9769
2089
2368
4370
2027
1824
5385
9118
2465
9599
5389
3667
2989
168
2235
150
7823
9864
806
505
6201
5033
7061
849
9810
1335
171
2570
4147
1090
7312
3657
5903
2207
5367
1730
8659
2589
870
4288
9060
4826
3077
8907
1409
3565
4230
1604
8531
8284
4387
5393
7762
2682
3793
9666
3104
4847
1024
4127
1781
348
4324
8150
8757
3681
3198
3822
661
1691
2676
9342
7923
5865
3236
5623
3664
8435
7708
2532
2779
8219
8638
2580
1879
1432
8953
1836
7036
9248
4806
4464
7816
4075
4144
3601
2168
7122
3621
7159
1839
1690
2635
728
3448
2955
4839
6249
355
3952
1928
124
5444
6379
9451
8706
1660
7597
343
1129
2977
4038
9934
3851
7505
5587
9010
6165
7803
5122
9303
5120
2689
9114
5862
3334
7231
4171
2151
7638
625
2866
774
6873
3742
3333
5735
1666
680
4586
9648
1779
8993
4692
5419
8374
7859
1688
5235
8843
2967
6803
9042
4228
1187
2247
796
4745
7918
3728
6472
2945
4821
281
1774
9571
659
1329
3799
5625
8371
2468
4326
6973
6051
7715
1661
7763
6577
4953
3042
2774
7133
7809
438
7971
9400
1421
2244
6472
1109
9591
7074
9727
846
8028
462
5024
1860
2850
463
4789
7611
9585
7886
1247
1620
9175
7443
7387
4656
9585
5308
5567
8259
9399
2944
6757
4570
9338
9838
5661
5017
1109
7858
4462
8877
8377
5039
7862
3156
5573
3119
2995
7217
3330
6938
9661
3431
1465
7726
250
1506
1906
7998
3195
8542
1834
9171
9387
3465
5176
7604
8247
2539
2067
3227
6652
6509
4967
9699
1109
2901
1067
5609
4744
5984
6265
3259
23
8588
1296
614
6870
6595
7413
2092
1311
4827
4411
1792
9638
2190
6698
7096
119
4818
6170
3627
9609
4613
7573
254
888
5806
4538
9891
4425
9197
3949
6111
3653
2595
8151
4010
5902
8923
9565
4219
3219
3717
7344
1052
7314
7178
9656
8722
4978
4381
9604
4918
4225
3745
3141
114
2658
7156
