585
94251
2300
960
6406
4317
9509
281
7962
925
8072
4087
8861
1459
1969
8704
3225
3330
4637
9386
1679
6622
9650
5776
7115
9519
3565
2918
5329
7987
4314
5196
5114
4419
6338
3486
3792
5109
5968
6330
6288
5696
1411
7512
2242
345
8375
8311
58
2980
8211
4460
7010
9278
9424
4030
2419
5947
4447
2780
565
8004
481
8311
8488
5239
4417
3259
4002
5563
6856
4372
1867
5312
3785
3278
4558
3680
4307
8373
4810
6553
2536
4672
4806
9275
9939
4867
4847
7156
7963
8983
9569
8982
1002
3651
743
64
1241
9520
2938
4488
1216
55
1181
8671
4713
5300
7022
4302
9250
9076
7232
6891
6365
449
3461
9599
2147
8305
4307
5880
6886
8838
73
7087
2316
3665
281
7459
6747
4833
2142
6869
3772
3173
7738
228
9586
6544
2612
9625
4987
8527
7971
5608
3587
5425
3962
4772
3150
1682
9791
194
8417
1707
922
5895
5892
7965
9204
3466
776
2739
5873
6382
8176
8825
9008
978
416
8764
4587
4609
7586
2055
4567
6430
3262
8083
103
5712
7294
6590
359
9594
2741
8653
9355
354
5749
206
8338
9803
5169
2985
5407
2829
277
756
1894
947
2159
3464
3482
8087
1314
1517
2302
3079
3747
2064
3306
9243
5638
6938
7649
891
8503
143
2706
5446
9349
8757
6096
6637
3095
6257
4896
9049
6990
6831
7008
856
2811
5320
4812
17
1159
2954
181
526
2267
8181
9293
1140
6870
4725
3852
4699
7292
9728
3446
4284
4548
5953
5220
4642
1121
7593
3139
7819
2637
6069
9662
5892
3253
3459
5366
3963
9845
4166
137
5711
3904
4045
1726
7731
2198
1721
5191
7969
9281
567
8414
9733
8389
9847
6706
1516
2152
9318
8230
2230
3182
6517
7873
8453
4881
7285
258
8750
742
7312
2911
611
5664
7891
3260
6387
779
7618
283
7222
2462
8965
2835
7781
7351
7063
8156
2935
5250
2723
6399
2336
1186
9137
5325
4877
5416
9328
6424
1033
8320
3044
874
5770
9735
3810
297
748
3582
7993
7237
1115
8222
5559
3469
5566
4263
5594
7796
2459
1585
3362
9178
5901
9668
2852
8961
8507
1577
2295
6615
9040
724
2226
3606
3997
7698
3460
7507
5928
9603
3617
5557
5732
8340
9892
1861
6983
6844
2425
3099
823
4819
2964
4037
780
6780
9636
4544
5793
3792
5926
1348
8782
636
9128
972
7531
8177
7696
9477
8082
2522
5878
4293
7088
6909
7589
6957
7584
9012
3172
251
9233
9503
1091
2376
6110
7263
8921
1073
180
6138
5802
7646
4407
6235
542
6853
8552
3439
952
5503
1685
2976
2121
7814
1929
5278
5965
4291
3013
9648
2600
4251
139
2855
9822
3520
9190
7645
7018
992
8493
7857
5971
4306
7713
3088
2620
9236
1662
7846
9711
4158
5639
2432
1047
5175
1890
3232
8567
5966
4596
8006
9373
4239
3803
5650
3229
7061
481
393
3923
2400
2837
5370
3702
7400
4372
742
3424
8396
4193
9759
7575
7750
8069
3316
8456
5143
9031
2746
8727
1754
2423
3744
8852
7160
3746
491
5451
5520
5396
7890
8294
1627
4479
2962
4852
4485
1088
9456
8613
4934
8847
3456
1346
3011
655
5105
5091
4831
6972
8633
2984
1123
3785
4234
5819
6458
5317
9921
6371
9654
117
7804
6972
2335
103
9439
7016
5287
6789
4305
3550
2008
5037
3761
7780
4593
9756
5425
6422
5477
5488
4540
294
523
8222
1461
5817
3067
6166
8314
894
2562
7088
5291
2479
4388
1061
302
