482
72690
1927
4029
9968
296
6675
9519
7719
2647
1216
6840
4504
1360
7985
2586
5179
1571
4034
8813
6034
1134
4948
7880
6047
136
6508
1089
6615
6012
9684
1075
8236
8107
932
7369
1886
5734
1002
1039
3152
9712
6646
8221
4633
8215
6687
2882
7676
5044
9368
3962
399
591
3507
5980
3071
7327
7757
4344
6874
1142
5931
4108
2589
6271
9727
3616
1874
3018
4663
1737
5608
5757
6054
7633
2831
9122
3352
4996
228
1366
8319
7487
5269
6482
6271
9767
7466
5525
2804
929
2840
8889
9005
2136
8080
1401
3175
9849
1427
8590
9237
7096
6861
5628
5917
9135
682
2733
8919
2326
2856
1311
5888
8005
5077
3647
9193
2327
9918
2312
8701
5902
6848
4681
9140
3928
198
7492
8330
3140
6436
4806
8665
2995
8164
4448
4552
4578
4757
907
4398
3171
5728
3378
5444
6087
3553
8387
471
8918
1248
6860
5912
8664
349
3356
5538
7981
5349
2336
124
7843
5332
5523
1839
9190
7532
5355
4832
7415
3617
8965
9819
7467
8344
610
1353
5999
9805
1755
1370
4312
4429
2047
9791
7664
3310
6463
1569
8134
3002
1794
1576
1034
4213
7220
1076
6282
9671
8528
1454
7750
1902
3275
5841
5340
4748
5371
2623
3646
9418
7811
2980
9000
9383
6828
794
4604
2767
2629
295
3665
7377
9353
4509
3788
6512
2269
8401
3027
9908
9602
2991
1017
2518
7643
5049
404
8398
4172
1750
1506
2884
7061
3432
4983
5479
3116
4099
5493
1948
3828
3630
4910
9257
1835
5587
931
7056
5437
6689
9281
3001
3762
2096
9480
8549
5509
2222
9569
7118
5817
8428
4783
5211
3251
9853
7452
5407
2336
9534
6491
5476
8591
8869
3357
742
2516
8997
823
2606
9119
9382
2841
1395
4084
2084
528
9978
7083
5816
8989
4518
2356
6118
4029
786
1599
4860
6756
5703
6355
2936
5859
6059
1113
1649
828
3759
450
609
4219
96
4932
6395
7039
614
3338
731
6242
5528
678
2162
6126
5341
4942
4738
9264
3551
1707
6163
3606
5406
3277
5710
4557
2371
9658
6000
7588
6701
8384
4959
6337
8494
8016
9888
9868
4868
9587
3147
2864
8047
2528
3456
167
6531
3425
3644
3486
8592
9810
7286
6398
3165
2242
273
6987
308
5609
445
6818
7139
9125
7326
8038
1823
7974
7932
3186
2464
2263
4782
2171
3515
2778
593
7857
3602
3145
6567
2458
8500
6177
5827
1100
4357
4842
3807
7937
4272
9968
1578
875
428
1024
1745
1166
3315
1341
5880
2511
1440
8115
4479
3892
6794
9504
8122
7081
1713
7773
6520
7501
5351
9277
9673
9559
4391
1524
1901
9811
7255
9631
4529
8450
4980
5638
1808
8249
4205
6062
898
9912
8483
1413
7855
6341
1895
2908
5449
2185
5959
1099
6980
844
7751
1930
5473
3074
901
2731
1344
2923
6092
4378
7068
2843
5012
1098
5317
8621
