765
52460
203
1281
9777
3771
3686
7767
7348
8004
9730
488
8392
5922
3580
2670
3454
1801
1389
262
2656
1333
7833
1661
6744
5690
2865
8800
6016
6728
6204
8751
8276
4267
9636
3125
699
9929
5707
5642
6984
6084
9293
2429
4034
8528
2435
9200
230
3040
7156
137
3196
6183
8217
9893
7785
4956
5163
3013
4075
5684
1774
8621
7986
8919
1219
3375
81
5453
658
1432
3826
7540
7947
5877
1903
6488
1005
2915
4762
1173
48
5901
5660
7630
5115
5117
6038
4317
357
4084
9858
5811
6355
2060
8197
6920
1819
2121
4705
2677
7181
4437
1948
3309
1672
6582
5180
4944
8611
3816
4848
155
5828
1304
5940
109
2243
5894
8848
5618
5702
9129
7912
4462
8322
9087
7489
5398
5371
7948
6326
9302
9824
6996
7062
5270
3693
6735
1460
7392
7545
3406
6209
6370
1584
8000
7521
3789
5259
2201
7515
9641
9291
2634
6708
6325
8080
7128
8225
426
8984
9382
1434
3611
3445
4998
6174
1771
5931
144
7299
1696
7981
2733
7737
1630
5414
8194
1812
8797
232
7375
3841
5867
9175
2778
3910
7526
9704
682
4125
2368
7259
6371
7486
7473
9589
3888
3410
6585
9276
6746
4278
6490
6590
173
3206
8942
6800
3881
9143
3014
1982
8050
2175
1857
9895
2949
8673
1418
2973
4703
36
8540
9399
5745
7512
4500
5355
6385
9480
1504
9941
2829
8177
5541
6961
1604
212
2824
2420
8059
3244
8567
9403
7221
4860
2148
8210
6966
1197
6559
7089
4377
5135
6808
452
7293
1094
5631
4433
668
9659
4401
1920
8738
8176
430
1930
5575
7484
7700
8225
2159
8626
5012
615
1067
6291
4529
3960
6818
5380
6813
6651
1078
2213
5445
3522
7363
467
1419
7013
1438
3873
9480
5414
9912
9909
7380
8017
1785
6712
4283
955
7229
863
9703
4894
5581
9237
932
2928
6950
2975
8346
5341
9919
6806
8199
2867
7312
554
5464
9234
3328
6332
9690
3006
4211
1988
759
6640
5045
4658
7959
3389
6692
1192
1635
6578
4046
6173
6245
1569
6762
7134
7032
3002
5049
6498
9789
479
627
7471
9351
6501
3942
932
3073
4404
4154
5205
4660
5325
496
9063
7897
1217
259
733
5331
3662
9601
3010
4206
2381
7208
3156
9851
5486
2478
7443
5420
5698
1665
8430
241
6831
1936
4562
3892
8566
9554
489
5555
6377
8630
7957
2604
8194
1373
9779
9323
206
5946
2823
7443
4971
1586
8556
978
6353
3990
4916
479
5826
1057
1426
2146
751
998
2997
8576
9675
882
4425
6761
2498
1066
5226
4236
7289
6364
7000
9577
1213
5302
4972
114
1903
9011
1840
1457
1802
6383
3200
4024
671
200
6832
7868
9516
5829
6169
9481
2700
8378
3784
3527
5601
9611
6356
1405
2716
2391
3788
164
5514
4940
9828
2508
8833
2583
3190
3682
4413
7351
593
6269
5724
3964
6820
3270
8013
2991
2251
553
1760
1322
4914
6252
1763
7592
2060
4021
3060
5331
6636
7068
6574
7473
1093
9767
9136
5921
8913
841
9856
6806
5628
1015
7881
3419
963
9013
4086
8257
4066
9201
2248
7356
4405
9144
3604
925
4802
7980
6265
2552
5054
4564
808
2237
1450
6018
2680
7877
9740
7533
1342
161
500
9781
1625
9821
2858
2291
789
731
2618
4950
8314
6105
1091
8733
3476
2826
2512
6109
801
5369
6863
1270
7301
5236
3692
4440
8168
6815
9388
9437
609
2063
3151
6638
3896
4232
6127
2324
4427
6131
7801
1577
914
5829
2325
6977
5365
413
7532
5336
8498
3272
585
2410
857
446
1760
7659
3638
6905
8390
2231
7803
806
1867
1209
1363
5975
8091
7081
3251
262
6497
2743
9538
8872
8322
7584
5764
8622
5785
4879
569
7427
889
8603
1709
4057
3882
8771
2658
55
5783
5426
9953
9127
2941
2897
7466
2014
8180
6828
4440
6253
1934
8105
3122
5191
4310
6449
5698
3124
9294
3294
8197
2483
6084
6352
2324
813
9915
4404
6244
1897
1390
9089
3760
8386
2425
8472
985
5525
1527
6195
6597
2288
1046
1986
3337
1668
2909
5556
1654
5238
9168
5234
3053
8442
4529
5690
243
7301
5287
2225
8939
5061
2409
7386
8912
7195
4734
9451
9194
754
3225
5888
9033
1558
5908
7915
705
3297
5770
546
4587
7450
742
2346
3284
9366
5423
1024
2493
8611
1639
4537
8752
9685
5860
5233
4920
8309
5199
5589
6183
1819
3836
6357
1287
4639
2227
5011
5637
7957
5585
2164
5462
6235
8158
2976
4769
9437
376
1035
540
1278
6511
232
1887
8171
2590
9849
1102
