265
95287
3153
4820
553
269
3052
6255
2736
264
6486
6548
4322
7344
3196
4144
4486
4734
6965
4919
7354
6725
2387
6821
3034
9393
5644
9197
786
3549
6993
6278
6568
389
7822
1249
7030
8169
6925
1470
3819
2644
3676
7640
8012
2169
5587
3384
3516
2542
832
5245
5205
6880
1936
4181
5676
625
6259
8700
400
7810
5700
7477
9227
2691
3519
7107
3784
1265
3110
2486
7052
3404
3776
8014
5461
6181
4202
8026
7208
6675
7783
1106
3481
421
3184
6486
8939
6133
9851
2244
5382
9567
2697
5499
5976
9081
3747
8940
6797
1226
1092
9453
3826
7710
3415
5474
7689
5156
6168
6897
7216
3269
7902
9710
8056
1795
3287
4683
6609
2644
1408
8986
8032
1860
5732
1566
1216
2138
8722
3518
8921
1142
1750
1039
9840
7020
881
2392
6246
4538
7231
3914
2120
6684
6322
2124
5376
1097
9079
2073
9083
7911
2723
241
2753
6531
4533
9534
7946
1366
3587
1819
3581
2540
1247
5892
6440
7613
3487
4293
1347
3478
6957
4518
7746
1423
2002
2112
907
2505
5965
5550
7551
8051
2171
2134
4085
2925
2182
6614
8897
8834
995
2271
2636
2209
4059
4619
3385
9145
6345
959
3315
8664
2989
6150
4785
5918
1969
3611
7011
5498
2899
9619
5214
9125
4537
896
5971
1366
1129
4992
5977
740
781
1789
6748
8987
9164
4866
4159
5854
6044
6185
9143
4112
1384
5379
1074
7643
3206
6736
551
6223
6386
3842
6024
9974
1304
8651
8625
6450
3874
6097
5919
3596
2354
2402
5146
1348
7265
4580
2229
3080
8591
