1572494
3077215
886053
41744
1969857
1056754
1263051
324990
2440849
2115
1024738
83741
1671078
313661
54238
753693
197749
1276587
105767
1044991
182097
292830
1476550
301337
204540
294490
1290048
53468
422009
148530
2411616
1053186
2419513
47659
613857
1495031
855454
637277
91216
2777
336921
1874051
43525
1074626
2087817
40619
2498902
2460464
824542
502476
254254
71772
766954
831710
187325
1319877
234514
37943
355690
887871
2086132
2047599
2602755
2258145
1226420
208932
696009
82255
2118107
938679
304010
1734475
1637861
368447
356403
2657145
862116
875627
103293
1143797
2726398
1673359
891129
1392444
425949
494449
44843
25877
808984
2052958
629803
2215157
315152
52049
1154888
2358441
212276
579606
267062
559521
208710
640286
466386
81628
771425
2349290
384749
2024157
1627652
1615818
88559
351676
1618543
92623
585924
505252
827787
455688
49992
2252925
2476818
870691
1888934
156152
1132674
667623
1739657
1434351
92590
1712363
470732
380204
570670
595799
1119407
533823
2327092
2574849
1823530
290139
987598
336013
3394387
293766
263846
685954
15470
21626
2793613
2640812
312022
824042
2201657
454109
1562779
151375
2317876
12293
2406280
25798
131541
1822163
628479
527585
1574856
2368195
129223
438
1988943
1111409
1556164
666714
567634
1053037
210098
2643492
167895
3151793
1414506
584495
2058972
909580
159768
619314
998706
199867
2009653
45118
2691744
1277211
216265
838781
2883059
1105560
359638
354233
649654
904464
284658
186481
812389
1708018
37637
1493295
6488
439026
1002995
566332
2536993
240749
769808
1678550
800453
142953
1118340
37375
718643
109119
2133066
463281
1086902
446679
362099
87047
1819893
273536
107013
138083
958724
1179571
1763792
1894149
893377
220938
1643088
194243
1109044
462680
64212
764042
111876
1364369
2830811
2743931
38729
2468327
1571289
246220
621350
1573792
2738452
1288533
228500
1169140
442802
395392
1284088
11418
44811
1630239
513526
162998
539001
451331
300450
541693
1382115
292686
967306
774137
911826
216973
377609
1233301
1084723
400442
169040
509450
929186
775
85573
1641380
775156
113468
401655
421857
100925
1551146
469410
770561
279329
1161144
1615579
378511
1800970
17607
864737
285426
1226257
244627
2695439
33627
1427333
1820455
1260094
2451063
1083196
1006892
1582
208326
858359
946939
93690
1325266
182880
1010362
158760
476581
1473093
1522672
2399672
3193187
2780583
369447
299877
76766
1087530
164205
314435
1363508
3432931
336883
1609474
978398
1935702
277714
77515
1513583
171969
1874473
286987
2669220
600918
593353
443285
3543800
2735285
225068
931533
75567
1593331
88661
483291
829489
873723
640875
720987
756042
154620
589249
957889
2336881
646807
83703
501955
62324
798693
1782710
218090
161269
519083
2919683
267068
334759
1449644
2027080
232261
305309
1314017
3432549
182551
1067396
714372
815001
597779
2116039
1698614
1507388
74692
495953
1149074
785778
1045419
2006869
370047
92974
1395215
1235711
143870
2786099
470818
833238
1511567
733625
1113911
364852
1684319
986654
2728321
1638322
123141
87285
781467
1817632
96764
2130228
785744
618098
153347
727260
401894
1186811
138581
501071
1566112
458817
339007
266727
473020
901086
352279
489814
1094023
943230
1780
65792
131577
181019
1890162
526547
980938
323565
64625
981926
319409
1707178
483999
217138
308449
308686
133931
321600
1994328
28612
1073611
3333381
232633
209532
111270
102085
2108272
79307
305486
805837
49151
1338848
394741
766813
316504
1870742
721761
1331582
467528
858462
1480293
246493
191655
473614
280544
69705
2700664
77974
517777
1506102
136046
21337
224206
2365630
2634723
1388645
2241148
1158833
247621
1474123
1981314
277604
2746816
33202
1349998
1458585
86749
7741
540133
288962
2993281
806862
2941615
820124
2207112
1888202
1287228
1561325
425148
199131
938833
5894
646765
1181621
167303
1928882
245324
140412
325954
45374
484819
992412
102749
1180509
550191
564090
1733504
1307271
914719
1356955
812522
1718720
37054
655436
806206
2302864
1490636
158780
802980
54404
1563252
199025
58524
105697
1192643
2205379
2744217
165485
210673
1171209
577613
1390336
476125
523593
914578
1240542
591920
2435487
54604
337169
765873
1166747
441172
624289
156978
831376
713579
2359545
357388
1475781
2056222
2083578
1581097
33366
3072162
179658
156305
75136
503327
164555
17569
1981181
1013830
2488884
1035938
113745
736486
419232
831438
627142
1543499
108327
1497229
555805
560398
230697
288127
867432
1059507
31765
386710
252788
984519
206152
91022
317550
1028603
87624
270365
1003756
1639054
102683
939184
236001
1545996
2652
737440
368034
306986
1578686
1331593
199102
1831024
1958044
731238
234640
84916
1312784
2240810
795697
996148
1967154
394972
449923
708970
3177551
168181
871437
289924
2111081
1686730
172571
2144274
2695415
845868
1276951
656369
3026992
64862
63022
2249279
453876
17036
1281955
781301
1692380
1450643
943931
898055
1149813
864536
2597523
1349297
391120
21449
1413770
223825
1049349
7669
2390773
565483
1373894
432088
1400629
22114
2494765
762966
960234
130415
698745
349858
404406
308852
209271
198559
370055
2486324
110351
1198220
92574
1682110
1681426
1866985
3093622
332144
570053
1557433
210316
43125
2145974
739438
307669
211386
1126998
1310808
194567
731494
317572
163424
577568
2138318
1078384
1220776
379926
1070000
2083921
267338
101987
2187802
2758119
2663956
607942
3207737
241887
1170278
2027610
2005000
91708
140667
540018
322973
335441
189164
833802
1464960
502066
1501807
930338
1214305
433933
1212414
280948
1001203
240243
547113
575813
810631
671919
792262
260426
520192
2397398
1946204
37522
2825683
89485
1099610
2052004
302200
255290
219473
1399061
262063
668851
2028884
2199931
147273
1557474
485958
86131
1146186
903187
3557979
131728
2992229
45496
2853621
2701545
660174
48833
362970
1865673
2255317
766035
3155523
289302
1691083
1569696
157724
73258
72666
1940732
1982495
21208
225399
1848319
47361
323035
1758993
715059
197387
1455627
2181143
2190447
272892
94910
310752
1670346
1228243
140937
344165
1258862
944506
108957
1699195
1729497
848412
1121304
585236
867840
399140
295408
2381929
2982974
426860
763424
1611996
61359
1327509
2059615
66511
1085836
1466665
344320
526116
2479921
732558
1075253
400094
722951
420374
2752749
1161629
311619
168242
2716999
2506937
218160
146709
37788
2013784
29239
7444
156640
1663716
1126192
297268
1498354
441265
757063
2140718
202947
951261
1371006
1312300
1460500
185972
830045
180839
174127
1349545
1362594
1064291
306959
411520
2468050
1892541
1774016
1883514
204023
249620
1768776
686972
1689624
17083
1104497
1333083
49936
1087917
1378804
830910
630792
1021466
405882
1418606
185785
2104817
1134891
1250951
9423
323269
419010
176188
3242290
128769
111242
103954
268108
1613467
531987
500830
1536292
70155
777553
1054389
337725
213449
848689
251060
2526810
1558487
207237
478791
78696
242563
1631113
106338
1162369
2174
1297127
184640
603380
643175
424350
1227848
50851
2055337
358780
253729
633521
140588
1997663
1207709
2003777
2109329
1490818
628343
1604419
953879
2861382
2070645
1410314
1669245
266173
421920
159928
216263
47156
1799919
785682
755989
931120
1662061
245557
23216
261350
1210617
1365352
202830
850953
859115
1546302
323507
553612
1453084
283095
2592708
1058461
595501
1909084
379837
30026
771605
2615738
803628
2195738
115108
3320762
612862
943081
1075207
1490405
527852
1385185
135495
1846115
2021855
1221503
1712508
1805956
818975
79701
1639256
1296762
310381
1174857
78810
334065
929491
2188462
820620
2253369
667174
1695678
1386286
1755733
586101
567879
713350
1089542
2397701
1329677
381967
249315
1872619
1898439
1271454
270206
257807
876246
739423
391088
31432
36885
984590
1975062
1591836
122533
747195
2306800
2599547
1046320
443970
618252
91834
45999
2253883
492783
842701
98158
499007
742339
1568273
783582
2280743
401082
299829
1431507
250796
1621313
498152
799588
2240833
850490
107963
2547504
2642990
370422
66125
1562769
1902189
827074
710066
239075
691997
16954
172982
1513135
1022436
1204769
2701
614321
2204466
1487875
1275613
628262
969963
120619
858271
540435
841702
602909
582931
794203
528165
542510
1841804
33604
524723
132043
103767
1416045
1510856
1146102
1232805
1343998
283169
1778548
107970
471573
239570
530007
1718059
758405
1068724
62626
2313377
1727460
135108
43897
1938533
225079
2426425
1187504
2126215
1560315
695745
824602
354607
1874247
790533
1000727
273652
752740
25832
2247455
1911061
1213
77113
327275
272626
461291
732299
845551
132321
2228040
846263
1363484
386283
112574
2519630
414725
3132771
322860
1860589
434419
855621
20970
90237
54295
91126
1427751
293107
774170
280310
19981
1068740
641055
1024507
747163
12482
1470210
349988
954790
124167
441154
3314031
780888
1752059
98220
235812
351166
45494
2204414
1379970
976489
322856
2109548
1698007
530072
2793286
3246943
1082147
861193
44382
1924970
228502
2330205
930492
334296
2933196
682279
1866510
1376229
62024
75547
815740
1976690
1238157
317611
118634
343811
208431
1043681
995935
1871958
212819
2360665
21455
376511
706831
33325
320423
254435
362713
1606986
2653387
44509
2425114
3136383
2113030
65439
526150
2359474
132823
156935
2129655
165068
738754
96385
92544
2508240
29927
821292
304497
306764
6275
5154
175794
103817
3650480
1184857
27088
648193
296819
85951
2461976
338520
611672
130752
112106
1017386
334640
2785029
583340
23636
2529701
97680
37017
533806
2567096
1843554
715033
375629
74179
710411
216911
40806
2512692
544333
560356
165116
109661
922292
742632
1390985
2387438
643630
730255
1247298
13202
1077066
296825
57236
559678
1077159
3141930
33745
68563
950177
1860632
3116717
425492
93356
1414438
1464632
2353753
1677412
2092009
303136
293600
135896
1095121
250184
152026
1957796
348212
270858
109104
1369069
1147173
492261
477955
8492
1775048
13890
485046
222336
223757
2223990
271256
765200
182041
1081594
1184122
878899
725154
2056326
2200717
927895
946133
27220
1033035
2175421
822220
1221507
943004
641269
1837874
1022539
2413138
73568
511305
1194276
2682285
771528
831164
849978
642470
1554978
623028
2003530
2479391
1126745
509949
1296632
394625
269400
500110
1034089
2472019
37578
1552471
4543
203417
1185664
650966
1038353
561868
1611434
2114611
1017049
814939
1542009
1675743
3186589
497197
1285158
248689
336655
50420
557351
1792058
104177
715252
241547
689028
171013
435016
54821
46105
1983796
2481251
1093965
57060
440965
2303764
804488
700723
149780
1467865
94398
330516
316626
824870
1388741
774451
309450
955189
71364
388338
1271495
1806589
408562
277864
1855253
999011
65305
888145
1721148
3058125
2682559
213070
367809
2562312
965276
811977
1812593
1670640
348280
248538
1951702
1781254
2968499
1127023
6889
1817000
2157043
226498
222355
260954
371835
995710
3242990
128767
489463
163826
369849
1516452
142628
224416
1596676
217062
1354427
1758778
689122
2386161
11167
1179388
1852755
250835
13812
2602599
2267104
910312
1018904
15861
736456
464948
1004509
1120159
1477794
2232448
264555
1331787
2476990
1018912
277043
1471314
171687
2105890
179955
44368
2218116
364019
331325
1005613
1465357
2292249
27294
2402972
1222554
2699401
1380959
230289
2744074
368319
26610
2327467
550523
1744955
194803
127140
628182
222908
479250
146257
381386
444102
1548559
2298385
269781
1085022
1226675
317197
3057286
282899
61151
756923
2590817
268305
2998070
556189
1386550
228632
412805
1129869
70170
866420
995869
2624705
2008479
593578
535681
1764857
1051551
2631462
167913
1823930
394207
109831
389912
208477
892295
330840
1596103
39256
160649
1909340
1011725
1188489
1323891
1607527
1084395
2732384
62145
1178109
41785
683405
1394042
5344
568372
453326
455482
1329404
2191828
714929
1233415
783914
1159497
748850
467659
911257
1415442
238567
27702
256
2197752
528601
778153
754154
1034156
31200
304497
2290367
956846
332443
520713
2619150
1691250
580394
754983
806559
320307
361887
2490987
1641620
319705
1946620
2860353
1404320
2625599
1954277
750497
298938
1174302
6893
219303
170415
177674
744349
789275
2665722
1671156
173847
1418433
1016731
901454
320631
925977
894166
381815
1560439
1987949
221152
1342038
1769818
223379
1693842
248533
936250
3027137
54351
919248
460879
1084308
233244
168081
2518600
901867
3379405
281259
41467
138585
1792935
113591
236198
2334171
660231
342735
975769
744955
2463316
113489
1032710
1963335
19660
2787815
1614955
625462
137458
246043
215151
489041
2991147
2507648
1334854
4143
526166
1843508
172427
144834
827351
1835164
209564
35473
297947
1639254
37521
2805575
810270
609675
219607
981981
22287
2589624
1256340
70856
350737
1862139
38624
1294174
1331212
40887
784965
316884
397891
2139473
626185
1144684
1108572
954943
13735
2890473
836498
480369
1491912
54325
1615388
1809264
3342355
1635858
363506
1517547
2624420
168288
560097
910147
349803
505247
1474527
686042
2154060
1882254
602749
134117
1267578
2053979
1441356
164241
13098
399937
1899159
81690
1180075
99219
183581
710810
309324
355492
1560666
2275118
107554
3036235
184230
287687
1488458
484933
171111
888974
19260
570101
1736619
983561
1183869
2435631
53503
209062
108822
538532
1756142
74412
445002
304190
1134225
461290
903476
1825037
1831906
519344
550762
2930154
804413
49135
643887
757051
2123654
787101
1515336
36263
270877
2870695
1386584
661765
6370
307469
3148013
1639618
698956
667335
2168460
974226
243
182020
1780143
168270
688239
1276110
713555
2231853
747302
79027
1815170
1479416
87881
1206610
33086
164381
69288
99301
930811
618136
376464
1616787
455929
337630
2915716
967464
379872
3589206
2439908
2628137
100366
310205
42345
2511225
65447
690926
44779
25234
1884877
1642938
445124
537833
2701484
1524055
2433942
799378
619155
2039881
964714
2302284
1332962
318998
554621
172679
1520487
95546
1227747
254209
615470
684956
289545
2721188
2688775
736204
100033
323136
112632
1709709
2373697
2728468
1205410
263747
6519
993302
521268
121683
426843
572920
461418
1561485
58910
5649
1155371
829159
586905
2110731
309343
129357
390493
1929545
2797387
463581
2101475
1497292
123936
253364
512198
629664
713119
265005
709219
28879
1283944
1989419
93714
471085
578344
468271
541584
34870
781377
288163
963178
2037347
902088
1589222
325394
413974
955383
497577
2020847
2427
1011378
1940611
351674
1112381
110511
1927407
1086776
2214569
451851
727479
214435
2726213
3071493
51010
822405
1151350
201033
2661413
1883840
335278
2058418
382487
2410263
535735
848961
876496
1067914
1672045
410971
229043
776344
128742
127980
1037846
364843
108802
1930417
1864426
1199164
32284
408159
603779
19344
592613
2312183
549963
2072666
82730
2996277
330661
1356259
630285
227703
974734
1370160
541784
289065
590665
279545
610791
1305205
1589981
1128196
698844
531243
52677
2827353
354986
2448255
198224
2469357
1663961
19180
1033892
1483457
963038
165457
2237626
1051454
1635922
264704
1071706
486952
185385
1825544
516118
1294949
834632
126608
1422081
1816929
810162
1226155
162870
137851
703394
28343
612214
244634
1217073
1131899
109551
196668
350110
86811
863887
344182
3106985
274062
557077
2158419
810769
473320
1908101
1776093
1795026
1050646
1090653
566201
765790
298967
4939
2697949
1240777
1056836
366381
687809
2430341
402606
60714
221586
1295834
892619
50177
72741
687299
1645748
368008
821917
423469
48779
2186741
47527
199536
1644530
1040964
500649
267939
178700
101295
303639
644447
570278
87881
1951038
1640196
27883
1079415
1640043
3522092
249696
40889
1088939
195615
544089
378243
660193
197134
1781040
18524
603779
213662
174833
554127
222441
2400163
382440
567325
330275
1454312
693952
2196997
423670
253429
1492270
1888218
116708
1894470
2162346
1244678
1684899
127702
1886760
4285
2916358
822548
3284968
764282
399534
271211
1330940
1423813
468491
143962
8310
192465
839
671079
554684
23817
2650106
97053
1036977
636746
152984
594097
443372
92854
1639619
977532
217374
573504
62283
1226960
220606
3193781
591365
100565
805601
1183322
384779
1523028
1302716
746873
1016029
1457572
1892941
1113361
196695
1248045
3570938
896159
1096637
1204642
45611
772202
196674
1184504
599356
1014467
314290
537175
961381
2291
377849
2460047
1302235
750933
1473011
555040
54290
145440
3022213
134717
264692
1386368
190227
820195
1805023
331547
30512
2044994
2704
503133
604733
862304
968214
2056189
965970
1758984
53385
41642
557180
2303372
2357340
1319840
146496
146594
1325063
74592
333795
1394397
1002725
908706
270750
31182
116801
434323
839060
935682
983803
2917841
1291949
2396399
609542
176120
123228
602116
1161301
671122
585975
2426461
1324738
1174036
2525627
416696
796222
2789044
1892264
212848
922987
1108206
2726027
392261
1594529
2195347
1037139
255832
1628378
504213
1017721
2683350
94063
993412
2253877
2909768
1528385
9034
2052286
1196564
2204829
608831
661128
229449
3557867
335762
1035732
164234
386832
164728
256812
354240
1225645
192604
1049499
1449526
171577
1172788
1305313
1222296
57392
6080
721334
1358928
100293
3117864
1346
2786485
3080060
1205840
642900
473487
2710509
754373
1061811
1850002
388521
1062143
339405
557836
8137
77018
1449207
1776323
1465233
44009
1513809
373677
240916
669459
3153786
1092361
3223620
414970
117059
1326852
425788
420648
510756
55187
283144
683642
553596
1798404
1562354
1082345
509814
271097
131716
31392
526851
236321
368447
458217
40795
15448
2735483
154274
3120194
3229
283453
124787
633194
2112451
645095
1875981
2159578
1612596
2264893
602023
747248
334798
2557849
581039
1825129
919199
1158196
897533
1419381
41391
1649577
711676
190939
1864021
240930
92521
311092
701408
142570
383020
89907
1001610
1095627
301470
545785
81289
484541
1979079
3054476
101810
2812302
1258610
130629
1321758
3809
1030872
2352098
942494
838573
234380
229982
3084420
1655030
636581
1706685
186208
1265796
1462754
1225
2315464
2450962
1167161
447591
2895591
34267
11902
421681
97831
2200218
2007778
752272
723054
2263391
3133408
2471361
951876
367099
3338407
2631610
2781366
174333
99609
47298
120649
353605
216377
331670
401645
54627
1079090
123036
1300658
876779
1505474
1596494
663891
14705
172337
169476
675472
1190575
13637
261072
25119
2223223
1747790
2023411
1456199
1676613
322266
933843
622027
434773
59585
2062537
667796
1479164
3182231
420479
20544
1914997
1431255
176389
2142738
810106
34076
55794
321485
498588
1147600
1362725
1229738
127343
42743
43579
787645
917966
679615
226397
113611
433294
1895721
668667
362672
118385
930521
22856
520279
200908
1995292
2495545
2019926
658827
898388
824106
2258537
278837
420433
403453
1256891
254735
1049436
2630900
57370
676425
1438530
1140376
1345195
542
1390043
100175
344922
25720
433167
1750424
1571750
570702
211736
537162
411300
680337
1958493
744519
1740477
365517
1049955
622045
58304
78875
64362
57919
865765
598639
1514326
1935323
426947
1316302
1265493
1903445
124075
1003665
580908
1361814
1382746
386617
240223
265123
1130628
202041
2814702
566618
307332
1724752
1263885
357426
234156
34366
1364127
1888511
975234
2145855
219178
271131
1608797
1572274
1916994
42137
712362
2538975
173648
2184010
262520
906550
138225
4439
2990498
1372457
1418716
706596
316627
623642
1346917
67141
1375291
1097690
1030455
1082393
753374
3006138
282127
1057762
134990
449623
736766
1527118
2063133
18849
597885
1017064
27696
1628183
1124640
152999
302724
13476
834255
356717
347154
790070
222201
3170873
3541796
830187
623740
1294473
229303
2707705
175692
315387
88780
531313
707171
1800533
68729
265151
2435115
203619
225861
208552
1126473
393023
118039
843441
142082
1520216
574060
861007
49436
1118339
191544
719794
472386
106037
966756
766891
964969
569839
572193
537564
3664
2165494
2430952
1444688
18696
38455
1950978
2798
2119803
1282832
1131839
196944
129226
1181110
1834868
634574
373820
2005531
154497
1819120
89594
186571
1939421
1621729
31396
567113
387195
2100732
80715
1784779
667711
1557600
1365006
1577604
69414
45138
107984
1491895
1444608
106169
50492
603290
209728
2001614
30687
562725
63545
642105
1560941
2734361
589387
2625290
553610
1878607
761756
412982
1459176
608449
2884441
252541
289160
994774
396872
3034798
1614827
3376872
2472699
96733
203429
2217549
2348812
2748443
512226
1910888
78813
219284
1591873
1349486
3000000
1255074
2002209
323032
215287
1071841
1192624
721315
458805
1545674
1020452
189428
582808
2613605
2274535
1014307
446586
1390
865594
1223405
2285849
1854714
185967
886234
3201047
70516
469519
1388416
172826
1331992
865389
2980075
561119
30452
606705
762924
745056
2687527
492625
1104826
1686120
1228780
902833
1176741
77103
134863
324493
1639746
77865
2588238
1193358
266609
750509
592691
1011098
312023
783206
51010
1002893
1384126
492941
547048
53011
66216
397126
1030674
2283343
264844
2043032
2426561
2717113
369548
2133630
70535
188046
1183848
648460
181870
906933
179751
682562
19540
159788
745637
163428
2624379
2172813
335904
90599
58397
1982459
360610
146876
49221
960388
1571517
175550
62995
171753
260637
731026
34556
3182107
951904
1347441
1009214
2089578
736736
137470
1818947
951142
1760439
1017575
1312461
92558
179855
2874517
495081
128831
887418
1058891
79067
405957
696004
1277362
34706
521283
936220
567400
2104786
30335
1306875
161235
1589664
665281
30516
217573
786604
862738
1143589
501847
946138
252279
1032719
187111
254766
4507
1524693
1152002
2784698
1706310
35776
802581
94722
2875790
219343
465816
65307
1032193
628520
28928
1040599
871888
68781
1258544
50431
683221
782387
245614
2979352
1802
397407
364965
211453
991732
1320485
187123
1835857
994872
600047
2286763
165126
88434
899684
2194902
222439
385680
878119
862423
1841288
67861
456822
1566258
1251024
2115735
222761
861922
442883
1437908
1160320
1317857
102112
313140
518273
1339353
895390
1887474
176567
232787
467326
68964
960089
624066
175979
8496
908137
280938
1163058
978121
1853671
2130310
734778
775475
64673
103267
229583
38099
1877850
1675026
435416
1793836
763865
946238
178
1161314
562609
2316965
159309
346109
1434677
441296
1793771
995423
601181
1239241
769905
975656
617115
732020
564388
4427
2886991
72733
392283
973454
1320513
21703
403890
1054134
525701
87915
2459913
1767331
695431
671146
2127202
2507013
1300483
48694
760200
3296374
22988
134580
308153
730229
1949240
132158
1047035
15217
1201024
894750
308639
432698
45170
1097687
1561266
993671
1371696
946473
464135
1852931
714274
2654579
3297929
65274
14921
1662339
800774
2005022
1763687
1549288
1414260
1452704
982544
1262089
101077
267120
129532
1034839
1171405
1259364
1417728
16397
1589432
1488321
80965
2396127
1797565
682076
2643047
634252
625834
668235
960891
1568577
1090626
2120216
1589673
919924
1154550
154234
707678
1994779
7273
998157
608379
1839557
141575
1022167
1282331
625487
330827
772546
10749
971587
16859
1523626
318084
408903
568339
1230994
741752
1133760
84269
2322924
108078
353144
2687316
3179017
977145
291866
499729
393586
1000637
75186
2048467
1374655
1519131
1222058
1276288
1332686
680931
454414
69608
624986
261173
1015
196980
19691
173715
648091
1122445
1791403
871385
4942
2409509
642760
438094
214252
1195552
363823
443054
1030092
829236
146953
2441815
2861722
452147
1889837
1254550
1653702
1901567
1290123
134933
2690400
2191610
219628
867814
1146686
64875
639063
440642
1679126
1919965
221659
431376
1287433
64260
1942421
2538714
196503
1563178
3168810
14529
1906976
12236
483099
613138
326018
122849
2256814
1291421
769302
1106574
1367780
277902
1753408
2434148
1351212
1716719
711419
277517
55966
214017
6656
2697413
150111
2000131
1638657
518700
390683
2878524
1535974
11085
1756033
892772
2849051
2802825
483778
88443
765230
444038
2023738
2192865
433023
1726636
505073
2093988
1367804
2368741
240401
393991
20139
967005
35264
905054
4256
935978
302325
185161
1217571
412646
365175
3089297
1972827
320697
2360707
619504
602627
416178
2068051
354802
1903239
1587799
336392
608597
136185
17082
592797
166688
1946088
533769
1233316
22216
149406
201012
205599
797868
2216738
27385
489851
121423
215963
12843
2520567
1743075
220910
934881
431737
419975
577006
281267
357691
2586418
29432
13065
380055
986820
357970
2883978
640041
1684
1248842
1110984
151887
24941
484968
269074
1009289
1186968
53335
1142586
1329410
450739
1756299
1118461
77582
2605628
475963
187429
278237
136177
2104826
2990337
1782052
1010639
3269362
50569
112618
11623
287822
919654
2025570
218333
140049
1670663
691717
70049
1644633
2079321
276515
187612
348783
524197
711398
3615648
99315
851063
901837
1443269
475557
56417
256410
1365625
805181
2530678
1003306
238406
1256277
999673
1980995
652654
102249
1717736
1298348
706248
830309
80723
871813
512932
922473
994303
141370
2495659
483542
473048
454636
65158
59803
889424
1503116
914854
1058163
760886
748186
276471
1009837
33661
365913
624922
204540
363377
383342
830725
3006244
1665380
952769
700023
899583
594790
94937
882674
517334
1891264
756136
461858
2842696
1706986
1090519
899107
662267
482606
905081
754575
547079
543134
2122422
385810
30599
225546
896868
1019502
2089604
2210288
285785
2203387
2760508
2103
1292479
1891005
128038
1322605
2668220
81506
43890
3432566
195450
70992
102419
1095584
1603730
459847
190193
766945
1932063
1606943
2502124
509735
423917
540341
165727
560318
825456
702000
1483233
3084892
1149703
1776222
1572893
38809
17011
192139
2153492
1627870
68093
205801
1205873
1622103
59580
348753
251098
31862
1091699
125444
116502
978868
742143
1963021
2010730
1032211
1341467
1751168
1945914
59517
361715
1301349
66391
230711
2803100
1427956
1684346
189188
616987
1319700
1821382
737180
517685
390648
1088152
2819971
973564
1451201
413408
389113
643900
572238
529897
296228
1815037
3110531
1757569
1087197
511277
2508954
2537085
45558
1671607
2364627
228480
1222329
2287150
721071
1250029
358059
68005
554784
95415
1237876
410269
44435
74774
908891
1269458
249913
938075
1263247
425398
31929
1099833
2238922
193524
262083
1297436
122257
388654
827752
2132304
1532132
1021791
461107
159683
1260426
283853
601813
725941
214194
565687
1792278
147380
682443
173781
324221
1050213
1775222
1415940
416637
3122022
377004
1127817
23675
573519
1546304
40224
491616
364616
267857
1368160
1156759
1832393
2329284
1112341
1142431
926682
588948
1146519
623482
1424546
609554
1254727
2332620
783868
295996
1437090
553679
875989
1043291
69925
921826
615256
456041
848586
2436729
1478804
1757617
896112
177159
897548
534589
250192
574163
429880
2362468
634365
1268596
340188
1163140
402353
744886
303335
1302235
678766
454812
758705
103692
1394986
314495
1046762
1893239
83389
375995
550329
320825
239112
441495
2432640
114663
2929002
1179301
332916
2754838
2574956
2000058
2755727
286121
742352
689828
2007834
751055
468660
123360
587862
1229888
2099418
369703
1233517
448023
322168
34639
1724669
1212456
1038519
781491
2894457
825878
1131813
133636
256662
1279844
1959710
699342
69444
114688
395259
418464
436059
889821
1477590
41692
1670235
36661
404474
189521
488419
1066284
1600937
402778
494458
34071
1783945
506000
741132
239943
1409298
72018
444313
1630974
240187
1464656
972076
447605
212780
882617
190342
1298080
30887
725909
535485
1696521
2255855
1048854
436259
647553
146028
2389584
287675
1649876
1246605
700705
783134
1491371
2195896
2322944
112339
1108896
340267
258339
302488
266379
268771
1348383
60799
783180
469904
1221652
323824
1550123
381205
2745398
1144426
1130947
98702
283351
299960
1463641
856874
1066966
85598
1124194
412941
812244
1000872
97756
2665863
1629173
308291
50875
1582994
2621808
34388
934148
576656
2319890
413360
484109
162140
1412544
806834
1836030
779254
186521
423268
425360
2093554
2287520
133206
538920
456718
1704112
438590
170782
128291
630010
555142
708109
428483
3562855
754919
399958
188625
480574
437862
2370512
268955
537655
82173
723286
2132170
775408
45099
935053
869671
1785403
1678474
197089
885168
2030426
462662
771324
65981
359298
632963
684620
949919
317581
37695
369653
1294849
2188774
1828384
680222
2207739
152503
205183
353933
1478717
422827
1295433
1062704
86809
2179414
64513
172554
1125575
335336
1141501
336029
359764
2901
226340
2817395
2784684
385887
2280408
1474219
1398538
530179
559122
355143
80978
2316625
7481
761144
192339
457835
737628
179745
861102
267140
605728
1888191
1160591
1018749
2585000
1608845
3573471
45534
545351
2788415
316299
196935
177148
909323
2064612
2845638
646179
875008
718782
7311
564815
1321034
812862
338866
160263
344999
2889593
774948
188154
68072
799971
3277112
682861
289522
943218
139335
1314090
1521539
398912
373335
625972
291186
773887
409670
951453
2228209
732761
1391597
552698
262662
1108160
2103047
998340
565401
74994
192561
1145370
473738
421871
2653271
99542
418632
145813
362911
11713
1459494
2255854
133445
1769522
2150690
867533
52884
3201914
17956
637676
2285425
1325420
2064294
356902
2878486
550050
1900474
1134495
356909
1227587
868722
20616
1129398
1437517
336285
1298511
497213
510188
305208
348384
461652
2168297
526446
2955424
1221973
1494750
860349
243347
5239
60229
833632
116882
923052
1756039
631420
1154085
932229
372313
2979792
2246260
2947608
1471417
2967364
921491
266727
576517
31678
240964
2563783
2083477
2538322
1004023
29511
1880185
330276
51529
447233
2216486
1304607
476774
599472
1236109
397
738659
485654
135360
388528
708233
73533
747455
1396690
113016
1534347
394157
993814
812961
987259
2808040
83399
536034
1433224
405442
1136941
363006
1300705
1549725
268159
1050756
236210
119974
2151100
1573044
514034
367202
443942
2619628
700967
709694
1492179
1399059
2821764
1090697
48012
573940
183427
17966
36569
229383
796639
1059948
185727
2525874
366366
1542139
29118
1663321
1445247
3984
955676
2782794
742231
524694
1642259
3132733
291457
840171
14796
1758639
212576
1476813
2130799
182825
0
211518
116698
775289
61136
1514820
694735
1486043
1213602
1062484
2876026
2640336
1549179
1048446
2640430
388177
202126
1848388
384225
965329
1252585
2720013
878032
256703
30495
700866
294713
1886966
985620
686481
1126742
1136554
280240
320235
1101437
119105
1420663
123197
1452295
1679388
94802
644250
2295746
1852984
1478295
1924458
40502
800435
966898
1545288
963818
96672
95250
1413569
905213
1979018
334390
718102
1251363
586097
760286
506256
29995
103955
355402
219191
95957
402737
876869
395271
2435968
1757771
542309
275281
1490951
44988
843778
2545536
358399
1567239
110490
2623285
29372
326146
733698
166840
108482
521375
1127974
1262989
276606
1912186
185047
818375
313705
783289
63111
323217
937528
147676
1188936
117909
3224647
352805
1118511
703421
503769
1744166
331598
2125840
1811170
181022
2168349
342797
1849626
1180538
1892266
1879586
908675
8633
2336544
1102411
2002142
413639
1133288
188698
35300
773896
1104245
3103674
253582
2523454
443864
1240462
1657639
445857
332294
1315077
85729
2056549
26106
1373346
134462
1924202
2368011
1553406
1949594
588792
436360
1565104
484702
1603524
694585
1207035
544445
1549731
104739
172677
1048652
266396
85311
519551
446303
873039
1253272
48976
1378197
272891
207271
2240312
815048
169602
3064755
2444912
123743
229998
1180867
607744
2613969
85829
386304
287716
127299
2934856
743757
1563800
824871
665504
84550
702893
155749
1259243
55411
237062
1962615
582309
1748733
60214
2049458
239393
2143220
1276774
273920
1230278
477331
14520
170939
15804
112180
382777
175504
2684754
149847
338496
434745
836753
149104
431182
989952
1080550
1730056
587298
723997
23910
292654
171481
1290385
340265
1021314
92899
252803
320914
13141
569334
1569789
1169907
550636
611054
1980616
1200979
54471
117428
1785234
2355374
30519
1424490
2115626
1899540
1277997
84860
2708150
1113716
5233
77291
588592
61284
159494
307858
1011932
6905
1451842
1056117
845012
223150
1545054
119934
311532
365805
4387
960151
6804
958058
839051
2403981
52128
2120311
486347
2037145
2077877
679947
399456
360448
177607
731980
196879
746203
433680
355207
311137
1664406
676587
1441103
1211467
949482
1505027
2734002
1392824
1268195
591577
463439
1868351
323793
2711692
61105
733678
1652956
1262723
31170
551784
508107
582894
2009542
1078047
3232740
418625
807084
78141
317035
2509730
657359
24853
917735
752257
982263
1053298
1611530
2576776
9052
2468174
459719
1701700
265556
1479791
234479
1510514
188635
348356
1404049
816591
1554050
359618
794843
1435548
413070
653891
11059
2294713
673657
72389
1111753
2000590
1171456
870275
347347
386276
325823
349503
2704
1875086
246505
476790
75923
1813715
68798
41922
355590
1062135
2059494
463587
2117351
1797793
1495963
3136636
1639861
693926
495459
122926
352207
494752
79403
894643
182991
51895
2923832
78631
2153847
199997
609229
511783
129104
2389607
77446
35084
1071400
374693
12328
1235783
1113407
743989
606181
1414946
1252230
1561689
390396
154631
134908
601935
767433
1092772
582466
446808
992735
1675490
460292
620668
1952359
738451
533372
532578
1769103
979281
1141300
110471
2201061
286655
160166
19600
1093971
871308
1023564
468980
215786
127117
729256
295713
52729
145234
511051
44582
1265437
88271
2131727
909026
153878
1893684
103870
1378825
1318251
341550
249755
1138105
56320
1473372
175761
427679
1320601
271982
161823
739207
1254687
803444
1758431
789273
606674
1662942
1203519
698054
1540992
1088339
228611
292002
1318921
2067225
1002926
27769
2134785
917559
238664
2973094
110221
534448
2868280
535163
99353
2327831
690173
339587
409675
6188
1601300
430208
202345
94261
143869
45182
920193
1032774
446019
2005638
2876343
208416
380605
1272062
1734924
2028546
1174426
954620
77809
3646
1763087
1663066
815055
38869
794661
771411
2913250
28137
506039
2299719
540780
225609
1759112
205495
1339779
516067
2181781
167151
652096
1427918
1483769
1592951
1247277
1490845
991995
3145226
986501
999396
1124601
1683167
354991
792347
2765683
381703
349745
681251
399555
1283269
1520067
2233596
20688
660616
349632
2878396
865685
195580
1261870
1165515
18453
91571
264907
1300856
782521
2172809
710499
195370
232264
961580
940009
871475
148609
1672241
147432
524197
827226
1257922
2393169
561814
2084570
1169886
2815739
92432
2582112
194505
1047357
31354
1400004
42417
413032
1274035
318236
1479929
1554524
181873
155356
629823
575256
114068
881302
308904
255516
1424879
32331
1644959
612809
282804
202178
2338067
248908
43736
1033457
1003809
1128883
113814
727240
72825
2584249
603889
313816
297472
142199
1203992
1016647
375702
2087061
452016
500469
1183939
128444
1436199
376203
579080
2585940
3069657
2431173
629520
1364087
430207
146170
3006233
84632
43765
879669
266637
70031
19932
1546208
281743
546821
520948
2697772
14924
340957
923376
532884
1996209
12162
1236108
617598
258679
528113
261185
13384
596250
528885
1598105
679871
840523
1164330
594545
662323
3305984
591238
143663
1128808
2634898
245302
2030981
271992
2262572
2142425
531336
1961502
2417192
846154
158022
413817
1853940
500154
1300650
1769332
1200757
785618
676332
13624
1265061
1831639
1920946
577641
91960
1950023
1805929
201849
775840
969689
1218931
56876
671985
1301658
3657186
2359770
2987178
324773
1980246
2596904
176543
118379
32646
286019
19712
788301
2218636
1217558
3440018
1505351
2481109
394442
233658
89850
760130
2677358
1562592
165486
632742
1593559
486651
1110546
23729
1580362
266020
539018
601185
1272563
490698
305873
532746
56117
174415
1765399
272617
1388367
372618
1550040
2275145
1226271
720045
33794
1739996
240143
2150127
176131
1299779
926595
115011
1843521
799424
388288
1179939
415878
52557
230237
638992
960827
202936
543441
827229
986112
105820
590312
2011681
874858
71562
49911
146732
855905
174085
1925514
1478194
2132079
137851
246187
776515
331701
313917
390618
751302
1217055
2957707
103771
181599
280953
3217139
274156
917002
2110402
2662045
136381
820368
1562461
3540
1333120
549088
365306
3519228
1108676
182083
11666
334243
87625
175790
1963146
1467413
254112
216959
1118598
215967
1697621
154998
643706
1694678
1351476
2365949
1256203
370071
2978446
262161
953448
467594
1207894
1491608
73105
1252957
62765
341427
3349098
657918
3366492
1848221
299721
47091
174615
37834
3547799
166929
1992085
189060
251429
2039740
390303
225077
2960110
1778153
930338
420170
1257778
1286631
1840712
31491
2261157
771943
2780432
1653581
1438475
784390
1998691
288186
414992
1198993
625814
297
545530
376816
536377
579790
1078894
358348
1464600
1045190
1846592
103472
3225510
36102
618850
215075
709191
495294
115984
756993
738129
614192
120847
308275
273285
1062764
1870892
96295
183258
532868
1363469
537020
1253367
268199
16446
2704588
2199329
697647
444832
246787
776321
637927
1733289
363104
1251990
1944714
342193
2071791
1805243
1322763
2130819
114883
74949
947078
2706643
88595
105904
427746
1349578
1541605
424513
665407
1116465
464465
876038
2682
298419
328836
39545
2588550
11070
1601546
954031
404449
758657
210025
2960672
20052
431098
1434367
970367
1015399
34236
1173062
1657605
573776
60367
13685
1582041
1774148
413149
1813000
436897
2452519
323978
946173
716831
1618845
297726
2037118
1022076
141689
554294
3031260
647988
1034017
1872370
380132
2448082
131766
556379
195037
1786597
861847
846749
127961
934884
1119452
1656053
1733555
388115
2203729
995722
962795
524363
442743
511719
1538307
340148
243525
871004
74140
570052
659046
826313
216097
324015
377702
875704
2931
130092
83845
17554
652281
987007
97512
44479
3791
120652
525746
1783829
1869656
525605
808192
1248564
692967
432298
251912
292696
1325540
165039
3060130
17314
125520
845165
871563
911782
258284
805761
1824965
1568651
1547989
630182
516499
1827384
1999585
2287305
1611105
2540113
1937825
775016
884922
2372266
773157
1029435
961088
615941
3465737
850394
1733962
766965
132383
1144903
365311
1704270
146332
42488
96868
1604537
2435111
1625179
125690
1919879
499484
143486
360213
952706
1831114
1235276
2408596
1819446
2920240
200658
80489
484592
4189
2307677
1547211
2104642
828548
40982
544505
31602
589780
501972
124720
797774
268621
135175
808617
253008
343368
642208
3499480
337828
111444
893729
2187646
2303909
213708
560387
1394552
372073
2932596
666551
1694554
399469
731479
326803
791714
1724827
1086590
121679
620575
1853770
167677
273759
2113230
1132275
262603
222657
310648
29970
61445
0
258933
19503
523547
402070
400349
2014143
1865730
77535
987434
222173
264797
28195
1453750
67477
206716
30187
1395993
1119257
442823
1180080
117364
836738
143056
44877
2632990
36384
348130
135411
1240873
3016624
828287
715228
1041747
509126
951083
870836
1435693
9086
439215
40599
530329
361281
533329
547217
2990647
556214
715391
327105
297122
1146844
405530
1293533
3582895
116901
906789
81956
538711
2640548
260600
406381
148080
548563
137722
2917921
1041411
318558
2210334
2028435
63008
82937
303215
15497
553804
318387
665529
827547
148102
150825
355267
80834
884231
59886
853586
838334
1344033
30695
753046
1703941
2912794
324127
674838
1280709
2007297
1897712
149960
1154028
31780
1541459
47212
438234
364818
1173494
1724336
357222
877471
8129
13995
25593
1614260
827777
846912
3094681
1316480
1391755
1279343
1536419
227409
156089
188158
1423060
362359
461818
1072170
503640
536594
351993
408847
2689834
710916
1847887
3368932
145211
569865
1579647
124991
1293692
1460055
1547333
2242690
17793
281089
754788
335538
583102
111568
684437
1906963
391101
1113394
60334
414879
1280510
1874276
2323609
298948
504496
3056037
266548
1740266
1117068
1255957
1848626
1190804
1090565
1982662
1512788
457024
148177
1396183
259175
2416977
198616
941648
414356
640814
3063
1934717
2249090
2203898
312154
1031451
182953
885599
3699381
1564373
869553
1304232
1096592
2635334
791853
297739
344617
682008
273021
1118899
1435673
160681
352900
306720
244032
2013694
2763217
1145920
2691648
25964
2181251
95759
715903
217916
1390931
1199843
2194400
41774
375795
2124400
631818
764078
571755
350700
1696029
667546
135226
246658
24998
342340
620835
2468658
57286
2751874
400088
576418
953343
1181821
155403
2289511
169698
114681
1966816
152677
1014942
1901394
855231
111536
1049714
2204556
75108
2113679
215900
1924583
2944783
94564
89973
423405
1138531
555242
1425316
1576107
475109
679519
94315
9411
2955315
743593
362037
977443
45720
201703
30638
3537192
1069136
325000
2923376
1080145
426775
104655
974838
78323
47045
115859
1155389
1623334
2089521
272347
2663242
1754154
1266135
1264577
63731
631258
2464829
1632950
91768
68897
369691
1949439
2586780
345448
1670811
597590
857
475581
192070
1492476
250703
3764
765371
123764
303744
2198967
3202477
213571
207838
1733512
44404
775277
1050133
2006340
342708
1074731
1516563
598909
375630
1755439
2053668
618655
2262640
383258
315323
266829
206030
1515415
425
90012
819850
1648984
1640752
2068132
79340
2299283
367219
84043
1494896
937040
2712677
290394
1814553
391920
1008365
1562763
932178
94428
548633
843293
992341
1670612
352615
2257157
63188
864510
535914
81475
1514353
1125742
1233
654042
1091623
949171
217371
1597775
810223
1401400
96241
1765079
125881
1349177
346019
1691442
3339538
646383
74785
210988
107558
1112168
1134693
712071
2138694
1887689
271373
6819
70618
