146 283
ucczahvssuaxtiir 764551
moguclmwyagypveznepcwoaz 36047
myo 12005
rrczjuimahrsot 695641
iflue 933978
ilhhrcccnjgbrelekvzvtfxll 365548
bocohundchvpddvstlj 964329
ctgjmzpohkncwxzfz 905631
bspetlwtmulefthiyicwkssflk 895938
ogh 15381
pdhmqqbpphhky 672060
nvbxyhkjsbxg 337050
roncgnczeyoextbcrl 390327
cfdcpuhkiafszxagb 723635
dscynuhqosusve 75009
tsfabqelkbscwmxzmnqfkqzlerojso 530562
vabcynvjmxhqpoxehpfhss 111706
hgjwrwnqsqnwfwpnnhtmh 725049
xwvamnjtyksrdgwlycxshathdykucr 882479
pszxefyvmflkxihvrzlmvvzohvlyro 333347
vmfwzkbu 42984
trfthbujchdpfex 944128
siimyvdjbf 828906
pfuvmzvnocedzwrjqd 884746
nqxoyeqmcsevnsceqmxdqdm 698889
bsnhhkjdtuzptzprtg 268563
nexitroszjcbframvfcvxmyenhpaqn 879097
ez 948443
shyh 836416
vlnlu 66404
vx 575875
dvzpvjmrpsizdxelysd 723896
nkwerczuyynyfd 462662
mbwhgqavrarwatllrtwamc 972077
hztrxcizb 509943
zeiadlldalnsxa 34990
vttcxtidadcohhuaytew 891964
qxkdbjzjpdrobxugydofkwhajan 729759
udrcocxnpqic 303880
scmiqh 383819
tlhducmdtbtplqmozce 723248
hbhzd 280544
vkkqfquplyegdiglwwxcdxihta 439121
eyhpvsqbtvzq 941755
nbammpuejpbcgqhyppqjgnqpqlysmp 365480
suxdau 177330
pchwn 500091
kug 201404
hrpkfgczuufkstgbpijntbotjmg 551712
v 515990
tdo 173931
znpnevtbhlji 277177
dhv 146274
vlxtfn 51147
ldalgpnwvozpqtceewfd 971216
lmguzslxmtym 724835
vcdnbzai 612615
snoplvqtsconzmckspdajlyjor 426123
pxgdeq 537696
viefakns 954156
noxdqmebqrjqkpsahhv 735924
tqntadxygodueecoswpxxhoqmowpga 298330
upnbbuqdjcayeextp 932632
qgfvqtfg 436574
agbafxehfgdaiwasiov 315938
msuhamglidaytpmyszjiqwkve 621263
pvwhlbiqjucaeozhnqyrmvjvlflez 350490
pjvldpfdrnpmznbjbioczdhj 200363
nveijdvyirepra 955888
ocssxkmbobfjtkdwkyt 550095
hdjvwzgamrxp 523529
sepmfilfhbfjheakdx 383866
kfzsni 899593
ambygjwzplacjlignpfikrbkvzyeod 1539
tngtuypxbiscdjldgxczklmmejiop 33695
etiwrsaxlvfrkarbxkpdoqpazvufr 549416
vti 753413
yxqenjjkabneeyelcmztvmwdgycr 163956
ofydqdrrsihy 54163
uzumdrpjvasywiltubzvpqptlqoqsj 570581
niiuvfydislftslxuwomyevdb 572843
xvlttlkzexyxtgxqfh 902105
kghyuwgw 361542
hxkcoqcgehfzpnhvxqurmi 197611
fb 953775
scaqcmzvlovpqjtfljjmxkkovqtz 768636
sbprd 879418
vvuhmrsbsgfdzxocglqkkgiimliytm 334178
croarncjxzsrobrgttlzmmxumkxi 677695
udfiqpgfuxuimmyrkwsjbh 425126
oszsykdzjdmtxmfaahipt 598330
rhxlkzhbgfockxhtukll 247114
rqsyytd 100475
wbuevwbdrfdxcsvmym 88845
ewvjizfkikw 653871
fscirfrbjulwndvmkwp 813017
xmcndlolnktteid 101959
akjmf 339442
njkizfjfpiganrkl 731
pgpkxrnqhekguuscbrivhlophagpa 514580
fmyiixuxlxsaqntkbbkby 801300
ttmymxa 318594
dieyuqoucllcvdqhq 272925
klojdtxlnv 693923
xubbhliifwchcqzuqwhoebvjjhwt 78815
dhetfcfzspwgslcihd 311218
koqfomyrlqnsdywycasuendmc 816278
bpwzwdrjvlm 600825
rbexfgl 915589
gdlyfxqkrkqqbxy 725053
cmhpkcbabciyckzovme 953162
wsojemgltgelzxjalbhnolbwvfek 828166
axxqjglewbnxemyfxiqtirb 726638
jnltfjznrqqjifstfpltkfklgzakd 188647
dkchzudaijfhebw 905082
ifiohebdjybmirtgxsbdmpv 706059
pzdnhpgasx 339116
gzygjdvgmlrqovxgrifo 490527
tghfcuyhz 754618
kgiqrumlkmllisiiggaa 875719
nvrgzmedepbzcpcmjsrtogkducbmb 123622
ssqlkecnxolmlnwhympl 754563
uoufxwrcvtcoburfrjemqiwvyncbem 720817
clyyiavmxaileogy 264360
wmfenqyvgd 792744
lroumqknwuhgmblrnlpdtmnhtjrhzq 377296
slzylqect 536789
zmoohwwzdiubkbbpxcmjmppxnhjwa 203828
dl 382420
izqjduewydegikv 245721
bva 868104
vgfoyjzckeqlo 204831
omyrhadriqvltkarr 759433
almsfkvuuadflwjmgt 920022
yfavyfnuulavzemafyc 794198
ignlvlgpiisvymryellkroqz 146624
vjzhsxdo 642235
yh 604638
odpyrtuyfpmq 242024
ksugcjvaqtx 62984
mmataaafhhrfsoyvnpiqm 951537
ahzbjbtsapszprrlfjuad 730297
odvkyjieo 500725
hlbstrn 500897
oxulgzpad 637038
saawcwomlcleyxtv 341990
439656
762281
675249
9691
520597
288183
224994
407476
554259
708056
867325
764334
798632
295957
152974
53758
609442
489590
635891
736454
482673
266319
661258
727045
21736
969919
640540
644321
631700
292924
783158
637806
94443
473777
155023
993987
530694
953756
808611
993541
665293
997249
69539
47741
150923
282474
789954
87330
869081
515048
975880
939920
976565
619390
221764
947967
152493
950744
563823
660043
308107
800151
828258
688753
970821
332648
913346
356078
573090
708923
233738
315855
85202
451626
352289
82702
490271
964675
109678
699557
749544
653662
225434
541524
319325
14945
804651
978553
755350
115133
564044
616045
768022
929337
634775
171528
502038
632985
735524
733055
393322
316301
191296
736208
181284
827670
472093
713335
191018
750829
671999
115
988609
528167
30030
326698
748765
597966
308201
49382
800336
911293
408957
706009
197853
20659
347494
341951
925555
387113
919645
472610
281135
214329
922810
966269
928202
866805
48224
380260
59627
142735
588641
747291
313498
150734
645292
939594
20554
528694
279501
898089
641621
131702
942049
255462
97403
983556
692096
543682
313660
885580
418094
58970
906063
628389
557366
415056
871175
486297
787982
81058
421691
107056
354637
208003
734911
574261
319484
783475
838485
620531
383760
450767
733791
21388
407017
760299
916740
226180
58431
333390
775982
589370
908716
329589
485917
991243
872020
889471
426156
340317
398236
712110
828789
219721
787485
26337
971657
676568
657968
359340
496062
683327
599562
863027
603739
529349
565154
810320
346428
936087
971153
782532
51822
714324
118662
781166
890094
581850
423128
744921
880326
241700
416397
709568
961188
964822
555744
313350
686382
745325
241569
958071
653708
72347
607589
922758
101713
578729
249570
557600
71939
221784
448804
207334
107721
940211
241177
927383
136324
961965
177918
981465
395705
288704
620947
760598
59357
133132
709376
316674
703341
641171
66198
876594
80719
150846
23252
300173
577958
698785
804942
