67 395
igkgyhckwmekosuredagezbn 61928
bsegtcaykmw 592306
vmnscfvpbzuunyjzmdtlvk 231952
ayyuhqmaurgrwolhbmdgpyont 578902
vnsuxoecuzxq 31683
vxwmqdytqpv 157779
wqfvpoycxzxjpq 670329
zvnvrusxoccvqois 96663
eihlfeihrkacsvqhjkyfy 878195
ycrfsxkjldhrrcbfrkvkwtclztbo 541428
slpjyiyxzoqcxurw 817568
mlwjgsizgyxvovmkzvnryjiadhl 209210
xssiwhfmeuzkqtyzmags 836793
qrxybwvecbpkvify 604037
jspgpbnyleaqrnjomh 621251
hbijsc 446613
djrfaalpiuhsuyrlgjauuwqep 5404
txbvdbxjjphdubqfehfkvglp 600826
tuxnrjqcezpgv 253987
gqmjdkotuyifbovj 288708
mhqwnhsuvaihs 664370
rahrvlqkmtldhvaalvy 489527
iutqihdznyexizaqct 767273
bmzur 116817
rtvzssdhwkxayfejeyfakmrpxe 209464
wvwbzstpfdwvbiiudwoo 681999
dxzacpjglimayivjqb 425756
uljverswltmvqtmhfigykfozaf 357800
yneufsjezhipigdarhxlyv 140615
hovxqklnvwwxitxnkqehp 726557
km 891919
yzotnxx 740821
lr 855709
brwd 323671
iybujbkzmzxocqfigofyel 340983
ybazuwokcr 167310
yyytjdcupnzhmraqeglvzzpigtctyl 537224
zpavvneczgsjtlisrlhbgv 109116
mhdqqrlrqsqudppndrgfllsdohga 306912
kgcyzersju 349397
fsgay 481836
nmonc 210622
rhjnkaf 87181
inyukvlnjbynrjkynw 208357
injgzf 996449
hasbjnvr 578188
jfieicykzfjmidm 802633
ybzvhmgkcbp 61503
psp 806632
pvwwttwilcfnuqrbfuauo 401682
bjl 75301
irhtezwirpueahiw 291851
rybnzaurtniaqgxyz 12234
ejgnackdakidiaqqnktmtizgtj 254236
ntt 70358
gilmquraoavkhppfzbdpipycpxdujh 316520
aorjljxljxuptktqdtlkrh 612923
dqhfzkyempq 508723
ewizhyuqetprmkbxxrdzh 281535
dvi 548190
ogzdffnys 488813
cdzanpycgpmki 734943
qamubequynbibcfoofowlftlrumk 818145
rczlvegazgazmmnlsvbcuvx 545211
dpgqtgrsjiroarppesjbwnlgxmrhc 31663
vvermrsfejyrlnqkr 213545
fqrkkvwmlew 651690
661922
863195
269083
605348
702251
973159
300869
832205
907773
101801
263641
848132
440404
419820
856865
819860
553667
531880
969852
260596
575604
71889
241402
586933
525871
107019
409593
867969
325527
841439
371296
556064
704485
756193
97761
736603
578497
160708
279963
845467
693928
772793
873292
568914
829084
502577
537586
15183
544677
536016
474567
695135
273757
686947
286408
65877
389550
967171
666349
42554
47899
79309
949048
693803
414075
408948
522498
427027
806672
12906
818368
553679
899948
147495
871082
489611
848090
501195
982536
932433
226466
464800
935711
322950
296806
300145
953077
521895
410733
851156
163373
319406
219942
165685
532192
53455
803645
200547
404133
640589
494282
624690
59206
468782
327684
959889
250587
431054
467603
232458
336667
768519
316487
831470
784628
871644
161954
7666
803745
902095
749285
197180
83655
146331
681758
424874
770802
25913
657845
145366
679209
961422
178583
192888
142057
522120
20335
208675
50887
856473
133063
312610
496992
255962
225277
932678
931781
691557
832698
923003
276962
765868
277539
271132
439451
720015
369713
927071
902305
481523
726545
836706
2482
474682
263614
677244
64757
30421
474375
260258
767431
701401
792234
676075
300813
720051
718723
974443
584492
318795
665042
772086
26482
828941
802657
175291
517896
722942
966518
628707
951235
1652
31255
422622
709690
631987
542299
410004
503002
979137
331379
536524
800059
574323
715790
156430
587789
846743
780791
44073
388642
810104
21515
628936
558757
448722
982340
524449
671018
72672
676428
533882
689359
415196
402467
855898
424688
912076
581476
613801
813584
911688
100150
172099
124143
124800
963161
998614
926260
802711
720922
37489
210758
63
55021
649469
514435
39940
954659
441475
594535
125036
762277
529642
624252
248204
440452
86419
64516
76280
892334
998716
314343
934463
156645
135919
209065
458877
63434
469637
860202
858800
278176
989707
113121
835002
206801
325612
284483
58159
169022
178490
112332
956303
399752
371492
766186
258181
347887
735996
6450
165667
292097
980278
148525
995762
882780
574877
942016
858049
790648
358716
110502
218232
42011
517835
965446
340700
475971
975935
83845
414727
503181
504563
879095
951479
638576
725132
582821
611814
996706
423251
865031
424868
404133
704654
135373
637419
893565
936972
913766
455866
307051
257320
419007
165084
563460
36831
898557
891564
194369
891528
893517
62776
146114
985410
242473
562007
241218
330124
996441
914522
435234
801020
904117
166022
6188
760297
535968
981087
973665
664286
718181
153369
337803
647508
221286
816854
502682
592121
412059
378508
646842
496072
950581
922775
696372
468576
96353
674111
271018
149543
528822
321063
800282
923743
349086
915707
546278
883339
339916
499562
971154
800239
507378
