999 1000
6420 -8015
8601 -8446
1564 -1527
2276 -6845
7600 -4289
2075 3824
4360 -4562
-9541 -5542
7978 5410
62 -9984
4909 4923
7986 -8987
5902 241
-104 -8470
-5693 7525
-4329 -5312
-6908 14
-3786 -7503
-9731 -4135
-5551 4826
4374 -5865
-1181 6162
8622 -4685
-6090 1057
426 4953
6814 2172
-6161 -8969
-8642 5777
-9602 -57
-484 -803
3293 -9763
-8696 -9078
-2590 9033
66 4504
3406 7061
4971 6226
-9213 -1834
4034 -3632
9759 -8321
3885 -7494
534 3145
-2546 -2045
-5268 -9131
9292 -8895
-4865 -7683
-5373 9612
-2990 1761
5145 2763
-8610 -8237
-6194 3332
2989 4669
-2677 -8327
-6420 -3430
4139 -5808
-392 5803
-7209 1226
-717 6469
-3266 -3296
-215 2741
4380 -8245
3301 -1662
2799 -8028
-9397 -9440
9240 311
-4647 -4935
-6315 -3113
-6270 8353
-9642 1175
-4978 -2013
413 -8614
-3337 6139
8654 -5069
5494 4836
-1166 -883
474 8630
4420 -9877
5679 -5668
8730 5257
-9699 8079
-8750 -5252
-3476 -9057
2125 1581
3979 7889
-7391 -7472
-7297 7968
-3690 4334
6358 304
1260 -2649
-8122 -5146
-9644 -8500
-1929 7537
6032 8994
-3619 4405
-1010 7015
3894 6296
1589 5701
5596 8661
-8541 -7711
1420 -2016
-3115 2420
-7836 3011
-9781 -7351
5878 4919
2309 -4195
5376 7517
-7463 8762
7022 -8208
-3140 7529
-5833 -4184
-3039 8362
-223 -7909
-6028 -5616
-3764 -6221
2383 -2436
-5296 1464
-2355 1998
-4928 5708
-7042 3199
6504 -9421
3879 -5035
-157 6051
-6516 352
7120 -1839
-7603 -4109
-5109 4613
-6681 1540
8820 2579
2647 5819
-8468 -7920
7138 6413
-8613 -7886
-9890 3106
-8846 1968
-605 8114
-9971 -1973
-2051 -6612
-3801 8731
-7431 -5103
-5073 9193
-346 -4215
-6835 9761
6161 -8283
637 -2813
-3747 4521
-2168 2263
6971 -8834
1646 2319
8869 -1165
-2625 1621
-4841 8502
-9940 2590
9053 -1879
7596 -3333
3698 4693
-7698 1074
-9010 34
-464 -3522
-3253 -4225
1908 2514
4641 3786
3507 5187
1434 -839
-9574 -4983
-1267 6180
-6579 929
4672 -5923
2377 -8405
-8646 -149
6020 -4992
2258 9633
3864 4009
8227 -9855
4486 -8888
-9286 2961
9915 -5743
-4699 4799
9228 8890
-2448 -9512
-316 8572
8809 4346
7171 -4819
-6380 7567
-6320 125
8644 7107
-4450 -9072
-1662 5737
-8904 -8021
7406 -6878
-7994 7003
-2230 -2405
1930 5386
-153 9829
6448 -5931
-1220 2227
-8426 -5640
8659 -567
-4999 836
-3073 2805
6667 3691
7222 8799
6575 7924
8777 -6049
-7051 1146
789 1153
-4492 179
8257 4772
-5585 981
31 -8516
4013 2102
2791 -230
6228 3176
7147 -2905
6470 130
3264 -7239
-3565 -1098
-7070 -6879
2495 1638
-473 2498
-8664 9988
-3850 9333
-6707 -8463
6470 1604
-9121 1804
-793 9447
-9379 -1135
9608 5528
2650 -1310
1026 9919
1472 9848
4310 -2455
2629 -6578
7215 -2533
5060 8925
-9507 2753
-2536 7622
1535 -1786
1937 -4039
9896 6074
3260 1475
-6121 -5778
-6823 5440
-7784 -5314
-2164 1677
-6719 -442
-3533 -1070
4808 -888
-2771 -7187
206 7541
2438 5970
6933 -6301
-7603 -7532
-3734 -2838
6856 -2591
1485 6373
5435 -1373
-5884 -5829
-5887 8720
-9022 4556
-1949 6158
6996 452
3147 -3033
2729 7776
2164 8656
-1093 -2730
-4922 -1385
-3556 -8372
9832 -2907
8978 9653
361 -62
334 4306
-3367 7819
-2376 5758
4140 3901
7417 9978
-3651 -3800
556 -6168
-6532 3973
-5689 -2803
7577 -8278
1709 9000
6987 3022
7337 6815
3013 -9618
6218 -7413
-1870 6926
-27 3491
9660 1936
2661 4909
-1221 -5824
464 582
-3409 -7762
-2161 9858
5913 7696
-4426 7153
-2969 3693
-4994 1801
5609 -5525
3122 -1912
-7302 5712
-603 -6786
8378 -1062
-8759 7391
-3116 -343
2162 9953
1718 -5926
9137 -9980
-6333 -5248
-6063 -7927
-5701 -3685
-1369 5207
-3801 1499
1637 -3580
-8529 -336
-7305 9441
-5944 -5293
5299 8423
-825 1926
6782 9108
-3369 -4398
1944 -9436
7932 -9243
8359 5026
-1478 -8127
3023 -7736
9682 4390
7490 4711
-8794 -1918
3303 -9439
3964 7258
1401 7784
2480 1072
7123 6277
-6758 1899
7984 7908
3790 -7426
5135 -3158
980 -1367
-1016 -4967
6283 -1845
3989 3804
9896 5858
4416 -1156
-8516 -8926
-2578 9288
2388 -6535
-9717 2644
-9841 4647
-5802 806
8456 8469
2716 -187
5397 -8279
-8183 -7464
8948 -2922
-7516 -3042
-3391 3215
9621 -2285
8783 3063
-2441 -4746
-2328 1582
4929 -8879
-8998 2235
6347 9886
7097 293
-6861 -615
-5492 9468
9996 -5987
-3380 -7968
-960 9140
9106 7333
8592 3157
-6298 -3513
-2385 -4232
-8614 6617
-861 -3752
-1987 750
-8109 -3173
-5676 -6238
8756 -5083
1707 1854
-5859 8896
401 -2549
3011 -7971
7353 -4948
-8461 7795
8529 -3516
6616 -2480
-5253 -7000
5911 1713
-2713 7378
708 2809
1256 9454
-155 -8211
8459 7838
2332 -7868
-9968 5679
-4879 -6209
6033 -1088
-4568 -2144
-1151 8742
-8694 1236
7041 7044
6649 -3239
396 -791
4511 9738
3676 -4828
-6248 1096
1774 5825
7476 -8938
4847 3671
7639 6937
-7866 -4821
-6319 -8642
3676 1514
4922 -4199
1316 -2579
-8477 8173
4997 6859
-6523 -3366
1205 -9170
1143 1910
-680 -6061
528 1055
8809 -7164
8714 -1324
-4599 3887
1428 7569
-6992 -6723
7970 -522
-5219 -9045
9849 3509
8297 4393
-2276 7311
-1649 -8915
-6269 -3753
2351 -2564
4006 4773
-6545 -5940
7027 -2923
9035 -5928
5507 9749
-2109 -6710
6701 -3440
7941 1561
1275 -8795
3086 -3560
2736 -4498
7352 438
6004 -7242
-4257 -9465
3574 9979
-1095 -6112
3718 2531
-830 -7283
1347 5663
-8766 7884
-1284 3541
-7631 -7937
5989 8759
8422 -2749
6595 -2982
6591 -6221
9142 -3539
1590 1912
-3520 -9186
7999 -7543
-9041 -4445
2950 -1752
9813 -6319
-761 -8244
-5682 2044
1775 9623
-7786 5555
-917 -9922
6317 -183
1612 -4257
-1984 -7423
-1749 -9679
-1732 -8315
-1194 -1867
-852 5529
4800 8469
3229 1330
4758 -1143
7053 -3568
-2145 18
8490 -202
1558 2318
4569 1097
-3356 -5557
794 1835
2055 -1414
-3636 -8486
9061 5709
-1224 -9589
-7567 -3324
3101 -5855
4161 5064
-5022 -9785
871 -9251
256 -6
519 -3666
-906 5082
-8369 -7097
8769 9685
7973 6576
-5650 -8607
3413 2826
3009 366
-3313 -3482
-1135 2112
-8514 -7520
-8831 153
-8382 1601
2374 5205
-2017 -1169
6208 -7013
9480 -17
-9009 6055
-2564 -8328
-3466 5980
6006 9099
5976 -9578
-9595 -2278
1190 9897
294 3027
8780 -1175
-4187 9694
-7351 -345
-62 -610
-455 -839
3575 1491
-860 -8658
8427 5609
-4386 2447
5055 8617
6157 2167
9158 4169
-3077 -655
2990 -6582
2851 -3830
3685 -4617
3282 3509
5177 4071
-9874 -8906
8463 768
6145 -8539
-6670 8664
-8572 4039
-763 5530
7886 -9167
-6829 8012
-3074 5908
-9382 7543
-9344 -6562
-1315 -8567
-3185 -2247
2527 3701
6074 -7654
-1225 -8188
5101 9989
-736 -3640
-7242 7180
-7722 1279
64 1934
4995 -3585
-45 -6599
9970 -9152
1148 -2434
-3451 9224
4709 -62
-6104 3334
-9119 -6160
5796 5141
1641 -2094
8834 7720
4307 6586
-1975 4979
-2919 6288
2107 2338
-3297 -8510
-504 -8918
-497 8584
-9526 -5304
7929 9014
984 2565
9265 -4641
5045 -2461
-356 -8050
3886 4320
-6222 -2824
-9039 -5410
-4545 1216
-8471 4015
176 7160
7619 -1649
-2376 -7403
9794 1134
-6051 2417
4154 -3949
-2999 1975
-4335 -5355
-3652 -3659
-6892 -3637
664 -109
-2953 6035
-3357 8773
-5206 -8132
-4245 3478
7102 -6222
-2279 -7966
-4892 -539
2944 -6430
3832 -9533
2747 -4986
-4562 -5124
1622 -1586
-9003 -6813
-3177 2343
-3233 -5232
5817 -3445
1434 5039
4253 4941
2832 3316
5112 -162
5916 -2758
-90 -3902
6466 7457
-1551 -9502
816 -6592
7901 6548
-2688 5723
-9690 9965
-9777 -9776
-4975 -1059
6728 -2545
9671 2891
601 -3398
8095 5304
9394 5662
-6212 6812
-9525 -5630
6026 3771
-1739 3076
637 8718
-6863 9200
-442 3735
42 6325
3119 1277
-4225 7467
-9759 4690
-3695 7670
1398 -1426
-3445 -7464
2053 -5010
6309 5976
3985 -9485
-1782 9256
1005 -5251
2652 6401
-5126 6238
758 -4216
967 -8178
3090 -4805
8060 -310
-1318 3118
-8871 3991
6959 920
-6034 -8931
-8772 -5652
2139 -114
-8086 -183
5981 -9422
7524 -6350
-9483 -184
-4330 600
-5698 -7797
-2209 6771
7868 6813
-9551 841
-935 6203
-1038 -7359
1475 -5119
4427 7987
-8005 9901
-5276 -4593
3195 -9643
-7653 208
332 -7477
5432 -4642
159 -3061
6322 -121
-7412 4721
1209 1792
-1051 6355
-689 -6801
-4206 -6155
-9959 -5863
-5599 9105
5100 636
-1353 4012
-4796 1971
-4227 8738
-2476 1632
-5896 7832
-8303 488
9318 1617
-4246 -140
4997 -3760
6335 3987
1378 -9739
446 -7255
-1902 -1501
6704 7269
-7318 -4561
991 -2474
-9098 -5627
6017 -3244
-6152 6968
-277 -9769
-9081 -6508
8031 -8331
-1396 7049
-8406 -2305
8928 675
742 1286
-3128 -4837
4492 9180
-2361 2980
-9239 461
-4651 -9262
2325 -8608
1718 -7318
9867 1851
-2353 -5220
8172 4598
6151 -7842
6318 -5535
-3319 -9271
-7544 7649
-268 -8624
-4831 2110
9662 6447
6382 -4717
-8640 -7565
2493 6321
-1613 -2429
591 9694
-6879 9923
-6250 -5833
-7588 4941
-9174 167
5724 -1799
8441 -4128
3321 -1334
5366 -8687
9631 4315
-9489 -2141
8519 -6775
554 6173
3741 -5862
-5035 2299
-3452 -1559
-7053 -8358
2455 3158
-8189 3376
805 2779
8398 -8567
-4995 1799
967 -9070
747 6484
321 8542
9922 -9912
8456 2660
2432 -6284
-7092 -980
3492 9226
9194 -4454
2457 945
-1569 -2685
-3938 -9371
-1212 1617
3331 -3524
6857 7704
9669 2957
6700 6773
-4598 -1410
-7364 -9320
-7839 6612
4342 1738
5619 -1164
1028 -1789
9615 8814
3448 -3195
8444 7272
-1477 -9871
-4846 2369
-2610 -81
-979 2638
-5021 -9649
5147 9332
-6717 6077
1468 2609
5985 -219
-7532 3160
8731 8015
-7988 -439
-913 -2996
4996 -7456
-4442 6772
-4863 1466
-1343 1824
-4637 -4052
1559 -6233
-8249 -8705
-8765 2896
4786 8494
124 5383
-1261 1938
9912 -7908
86 -2696
-4235 -2617
-8621 -2775
-5864 -9655
6649 -3655
6764 5781
9237 -3696
-26 -7845
4390 -8052
-1413 -5114
3597 7613
8934 9029
-4503 -8484
-7205 7581
2992 -4391
-8458 4113
9371 -9031
6007 -199
-113 -5154
-4348 -3669
4009 8460
-3487 1791
-1478 -4384
1320 485
-2303 -403
-1686 -5123
-2180 2002
-155 297
-2200 3471
1722 7801
5819 8370
-3623 4667
-1623 -6909
-1072 617
6565 -9117
9660 -5100
3136 -8314
4056 1961
-3853 1320
-528 7729
4141 3044
5258 9411
4424 2873
-90 -5851
1600 5037
6646 1076
2311 6527
-3696 -946
-3672 6362
5832 5340
147 2219
-2275 -2912
2506 -3072
1297 -9392
-2406 -2802
4912 -3779
-9708 -3115
1746 6473
8185 1485
-1353 6323
-1944 -8390
-8915 7083
4700 -6301
4662 -1126
-5656 -6034
50 -4152
-8047 9316
-7353 8601
-8941 4922
-3509 -6931
-9631 -3432
-5923 -111
6701 -2810
8873 -229
-4634 -6345
-7033 7052
-9361 7066
5983 6671
8821 -6105
-7924 -6539
-7394 -6405
5253 7367
-6231 1999
1090 2402
8394 5201
-1215 1448
-7383 1018
2888 5237
2389 7947
8038 9991
3979 -4827
8779 -7557
7501 1405
-7522 5397
8110 2401
1042 -8284
634 -6422
1203 3992
-4888 6832
-9583 2869
6571 940
-4527 -5531
6611 -4290
4650 3755
-6715 6427
3959 9680
5104 -998
-5513 5854
7739 4094
3015 -2532
8668 -4845
7111 7401
9051 -6360
4968 2173
690 -6171
-4071 -499
7512 -9512
-2973 -2875
1929 -9190
-5364 -781
1907 8693
-5021 -9975
8256 3677
-4702 9722
-8401 -6274
-6123 8002
2169 1832
-69 6689
-5276 7839
-2578 1415
8786 -7068
1805 -9990
-5930 6382
-4164 662
-5370 2081
-4113 -5399
3488 -8755
2835 9783
-5436 6722
-4668 5725
-9739 1144
6877 -5399
-7592 7023
-4289 5707
642 -2922
7438 9480
615 -1723
-3193 4232
-7764 -1656
-955 -4089
-316 9501
-1846 -8338
791 -985
-230 -313
9106 9519
3135 -5248
-3048 -1560
8182 -1965
158 5093
3141 -6268
-718 -1015
6971 4921
-867 -3256
-1534 -4305
7601 -5159
-3112 5841
6555 1724
5523 -2525
9918 -5128
5987 -3360
-7982 8207
4168 -8001
6448 -3519
-3897 -3392
4402 -9429
-3062 2975
5267 6765
-3197 -4304
-4712 -836
9792 -5945
7456 9741
2441 4829
947 6263
9624 8650
-9936 -9600
-2397 -277
9223 -2659
2962 -5133
7757 -9642
-3217 5170
4316 722
-8018 -6156
4935 6619
-1786 4190
-2624 -802
781 5184
-8216 8530
2926 6534
8016 93
-2459 -4263
8502 5940
7749 5911
690 -982
-9614 -9558
4448 3658
7278 9528
-1635 5380
3506 828
4523 -5473
-9718 -5768
-9070 8448
-5886 4856
-9470 2151
-6270 2287
-4997 9191
8137 863
-9693 8157
-8682 -3905
7912 9453
-3438 -6618
5424 -8137
9718 -9674
-7357 7240
6205 -6937
-8556 -9238
8083 -4966
4208 -5660
-5593 -9641
-7593 -8009
-3931 -1035
5220 -2297
7175 -6425
-292 -1150
1156 6921
4702 9789
8427 -2329
-9153 7466
-8383 -4109
9908 8977
-6720 -6473
-8661 -1248
-8267 3390
9403 -9675
3017 8846
8286 9713
-908 -1447
-4357 -499
-8647 3361
-5558 -1011
8263 -3723
-4298 2779
-4668 3798
-3521 9821
6747 6128
915 3972
4001 9385
-5994 -4679
4409 -1453
-6245 1488
309 9453
9026 7184
851 3999
-5791 59
-4080 -994
6704 -798
-6050 -4540
2501 -7199
-313 -1625
7022 -4027
-6286 8627
6517 -3763
-3726 -8154
8747 -1657
-7076 -6268
-3361 1158
-4755 -1532
9708 -5259
-420 1339
-4297 5810
7083 -2279
1395 -8546
-2618 2898
-833 3172
-1913 825
368 1562
5959 9808
711 5674
-3929 316
-9247 7134
2182 -6265
7575 2048
8344 -6188
-708 -2742
5575 -6096
-5898 2547
-1443 8733
7275 -3449
4831 -5842
-7838 -3289
8132 -130
-3276 -9928
-7219 -5071
-119 -5507
-5547 -8936
7445 -2654
-6243 -9341
-8205 -5481
686 9940
-5719 -390
197 941
-9061 -938
8292 -6816
-3798 7424
3223 -2962
-2675 -6685
8125 -1818
7075 8492
-4271 -4556
-2514 -7094
-5268 -5433
7751 -9323
5108 4074
-9412 -5646
3027 167
-1974 5144
-8453 1274
3497 871
-4906 9350
2316 -7228
-2383 5534
-3359 -3585
2278 8098
5823 -8364
233 4544
7448 8831
5520 2821
4201 -6908
-5196 9684
379 -7967
-2849 -3427
6944 8874
8258 -6119
5115 -1585
7496 -9383
7689 -7918
-4436 -3456
-5119 4178
-9920 -7773
-9262 9929
6916 7914
-5612 6
-5630 8332
-9102 1062
-1212 -4238
-1304 7470
-9216 -7220
3207 7709
-6869 -693
2215 -2945
-6871 -5215
8040 -7736
-2529 -6031
4355 -1572
2556 -3624
-1595 -1015
-5726 1226
-9770 -3667
4925 492
-6790 2839
-6927 -4668
2221 -4736
-152 1999
-6301 1727
-378 -5488
-8117 -3063
-5592 -1187
-6049 8713
-3964 3282
4200 -9146
-8207 -2039
5785 3579
-5186 2830
2629 -2785
2746 -1006
-4423 -703
2330 9750
149 7813
5345 8701
4973 3710
9181 4214
-9622 -6555
-6775 -2259
168 2271
-6299 -9755
-1125 2874
-4004 -864
2158 -9762
1588 847
7598 -8614
-7809 -366
2522 -1749
-9998 -556
2454 3949
-5428 9934
5024 -7024
986 8344
-5606 -5122
6728 2802
-6348 356
-9917 5662
3785 -734
7438 5842
5612 -2827
-8414 -9364
-3633 948
-4947 6487
8684 8941
-3804 -7198
1969 -9590
-8111 -305
412 3604
-5259 8628
-5341 2687
3270 -28
-7745 4196
5198 -5676
-7344 1800
-5 -8101
8820 -1118
8161 797
5726 2491
129 -270
-1917 -7595
2353 -8640
-7977 -8259
5236 -7119
5419 1327
-4238 6864
-5788 -3091
-3659 3901
232 1872
-912 4283
-1096 880
9770 4187
-542 1713
8961 -4460
308 -9100
-299 6193
943 8262
-2073 9270
3962 236
-2874 -71
-9844 3405
1744 455
-9929 -1966
5024 5016
2933 -9889
6030 -1195
9552 756
-5773 7527
4689 199
-4334 -7345
-8264 5721
3672 5883
-8933 -1152
2009 9604
5175 7186
8774 8854
1168 -2607
-6919 1258
4013 4123
9131 9356
-1112 -9468
8990 8382
9640 -4058
720 -6198
-2513 -7768
3681 9336
-1750 -6053
2184 -2182
-4318 -5225
265 3747
9204 1730
-8339 9911
5870 3975
-1958 -7925
-8877 3309
1454 -8785
1829 6084
1738 6562
3512 7774
-1667 -5896
600 7690
-8735 5624
-2770 -5981
9382 -5917
61 9490
177 2273
-9644 1275
9672 3570
5036 3858
-2243 4108
4747 -6549
-9830 5216
-9997 -1968
2368 -8297
4062 -4353
3711 667
-8444 7731
-915 620
526 3858
9106 1770
-9595 6820
-6381 403
5251 1495
8175 -9664
-5831 1692
3791 -7472
-2946 -16
-7292 -4779
-1808 1023
4938 -4159
3488 -8551
7192 -2376
-6156 6588
-7990 -4046
-3652 -2705
2284 -3763
-9344 -234
1914 -2244
5731 -7739
-6575 9448
9825 -2358
4499 -4137
1078 1963
2543 6766
4313 7069
6709 4899
-276 -6423
-9162 6587
3008 4818
-6534 2999
-4275 4129
-2004 5213
-6337 2279
-3682 -5948
-1801 -1006
4586 -3117
-8844 2328
863 -5263
9946 5198
3967 707
7162 687
-9374 -7988
-3104 3610
5848 7168
5903 -5783
2178 6333
-3807 -9043
271 1494
-5566 -6428
-1557 7577
-294 -6771
644 5243
3779 -7169
-3733 8064
8265 -1093
2081 -10
1027 -3855
155 -9272
9451 4774
8565 467
-6753 -478
-8340 -7858
5019 1891
-8813 -5487
7277 -9347
2087 -7891
-1810 -7020
-8762 1080
-9030 -4682
1706 -918
-5734 2079
6497 -2814
1458 3830
2138 2123
2943 -8233
-4325 -3961
-747 8051
-2326 -752
-9677 -9345
6250 -4398
-1949 2707
3708 -1193
-7634 -6714
2973 -2920
-5367 -7502
5502 8088
-540 8201
924 -4859
4031 -8544
-7020 -1969
9463 -7314
-4832 -7127
9201 1916
-2800 2639
-9646 6182
7735 707
-5782 -1449
-4328 -2456
-7210 1539
-9585 9410
3459 7057
4896 7229
-6252 -4563
2782 -9872
3704 -9666
-1637 6170
-6125 -404
-6702 -213
7671 5338
-4088 1811
9160 -6795
4305 -9023
-7703 -386
-8536 -3882
707 6580
-2690 4940
1519 6771
2838 4384
9866 -4878
6656 -9250
-5194 2128
-3115 59
3079 -4950
-5868 6340
-1874 -1456
7214 6134
-4442 7443
8462 -802
7580 2249
8221 -4292
1756 -519
-9252 1373
7813 575
7763 6090
340 -2514
6619 3270
4452 4290
-2921 -1130
-298 -7162
4535 -6086
2595 8758
1207 6860
-1905 1472
5541 -5398
4619 9735
-8691 -6528
-6559 705
4873 9469
1197 -869
-4974 8229
2047 -9256
-3012 -9631
-1296 -4285
7212 6151
7714 -8200
3463 5434
5456 -4050
3364 1269
-1112 -5260
3600 -1598
-6300 206
-4602 1577
8720 -1742
-3767 1417
4921 6356
5242 -561
8049 4806
-974 -9190
-7265 310
2025 7622
-587 7132
2794 1814
-3751 3710
-5175 6502
-7844 7042
4492 -6234
532 -8666
-2178 -2472
3204 4981
6237 1153
-3401 1012
9006 -9415
-766 9918
-9312 342
1321 5082
2797 -596
4816 6727
-7512 4264
-8552 -6914
-8569 -7805
-7130 516
-7931 281
-2180 -9324
-6838 2883
7084 -3635
5665 -1001
-9689 7976
-3990 -9066
-447 -1519
-1785 9514
7350 -4854
4447 1665
-4076 -9527
-3705 8714
-8549 7959
-4360 6188
8341 -5176
-5747 4199
-753 -5880
8264 -9417
7769 7774
4745 3813
9019 -1380
7146 -4675
-97 5629
5461 -7323
1636 -256
-6982 527
310 -8625
6756 -9285
-5505 -8186
-1702 -7550
-9830 -9632
-1967 -6029
-4143 -6622
-1649 203
7000 1487
-7260 5754
9365 6681
-5182 9424
-6978 -1639
-7431 3976
6529 -9052
2648 -8389
8193 -6905
2415 5052
-4786 -8123
-1255 -5675
2989 -7311
-4189 219
3079 5170
-9383 -5369
8760 6378
6265 -7978
-230 -60
8896 -237
-1871 5979
-8767 1828
9471 2087
8254 -9691
-8095 168
-9312 2692
564 -2841
-9068 -8684
-757 9031
3415 -9559
5918 -7944
3193 9300
-6398 6748
-8465 9660
-3508 9180
6141 -2056
9800 8620
4303 7443
-2651 -7860
-7232 -9119
832 -4848
426 -3283
9794 798
92 8288
6252 8414
-1371 -764
-3600 9685
5426 2358
2040 8465
9753 7704
2305 -5022
7886 6937
7456 -3363
-5071 -342
-6341 -2124
399 -4007
-6326 -4912
4600 7340
-7244 3295
3955 9943
859 -2532
8476 -5451
-9217 3183
5296 761
4062 -9918
5805 3605
-9170 -7364
5996 -4576
-4726 3884
-8526 -7081
-9246 -1623
1047 -3345
5191 -8552
-7422 8213
3929 -5929
-3991 413
-287 -9961
-6976 -4404
-6587 4690
8282 -4027
4563 612
-7453 -6432
-9460 -9363
-3257 -3546
-7871 -8315
3584 9398
-1444 -6478
-5608 6136
7779 -4684
-9730 3927
-2485 4771
1548 -5993
-4976 9537
-3065 3314
2858 8173
8527 -8512
3805 9069
2596 2248
7423 -4
-9455 8173
-4477 4397
5142 -4324
-9517 -394
5624 -2986
477 -3103
-4854 1924
8865 -2359
5501 2959
-5730 -4949
4158 1989
1203 -9900
-2436 -6665
1966 4499
3257 9708
-7109 -5114
-5524 -7160
7667 6630
1093 -5250
-3200 -2559
-4102 9326
7605 -4136
-2824 1041
4186 4599
-7426 5718
-1142 3471
5230 9482
-2117 -6700
3685 7081
-9288 -1130
9956 3708
-9036 -5527
2381 -5078
-5893 -7146
2887 -5944
584 -3664
4306 337
-6041 -6635
4110 9421
2646 7281
2139 -5300
3336 -6748
-640 -5203
-9754 3498
4718 2388
3328 1357
424 6362
-196 -4717
-8776 -6112
2041 9708
-5072 674
9329 -5227
7612 -8818
8351 -2416
-5039 -9638
7225 8172
1006 5942
9570 8992
-7275 5069
-4619 -8567
4758 -9164
7105 -1190
7588 5670
890 3404
-222 -3025
-7169 -6704
1304 8493
8409 -5723
-9122 -1343
-1052 -5737
-8397 -1460
-7037 6052
-5490 -534
4343 -2458
-3935 1708
6256 -1879
23 4568
7804 -749
4435 -5632
7983 8795
-6734 -7579
3692 -2923
-1703 -2342
6847 101
9798 4254
-6972 -768
7036 493
-7601 -8215
2354 -4563
-2911 2351
3526 -353
4388 9797
-4733 -7050
-2803 -981
1084 -2955
-2222 -1442
6759 7142
1394 -2396
6013 -7783
-8838 -1605
-8553 7591
2793 -6119
-2052 -5348
8990 5283
2863 9060
4988 -9835
-5408 -8101
-1244 2364
-3527 7707
7930 4912
9320 6818
-7601 4979
-3655 4120
4196 2674
-9500 -5661
-2129 4798
-7916 -9473
5037 8432
-7600 -4277
-3546 -5726
7684 2792
-1328 -8672
4319 -730
1469 -6699
-4857 4486
-8297 5696
-7703 -3319
2096 5648
8421 7802
-8440 5552
5009 -2276
-343 -5294
-315 -682
5104 -458
6244 2983
8155 -5472
358 -2435
-8807 -6988
-4266 3437
9749 -2637
-6752 2931
-1017 8060
-5453 -4652
1 -6955
-2929 4899
-6962 8216
-1586 -6349
202 -6587
-9474 -5627
5171 7470
-505 -9047
-2513 -1489
-2962 4996
-9473 -1620
1929 -4788
-5439 3076
7954 4409
-14 -68
-5017 2358
471 -3254
4233 4108
7186 -8446
-3812 -7085
2176 -9242
8380 9308
-587 -1858
7669 2506
-1796 -8205
-4692 -4084
-5294 -1141
3209 5052
-1411 7485
195 -9215
7764 -8872
7441 3584
7517 -6972
-1231 -8640
6699 -5648
-4587 5509
-9882 -140
6167 -4027
-3570 456
-5933 -3134
924 3606
4951 -7113
7657 -5933
-1355 -3010
-4616 1554
-7485 9233
-5787 3132
-9461 8418
-5501 -9068
8794 -7755
-4134 5826
-6195 313
4808 6119
-1154 -9481
-6197 -3895
6740 -7408
1981 7098
-1522 5492
-2008 3062
-2627 8574
-8120 -1409
-8560 2016
-3474 7462
954 -1060
4835 -2484
2269 -156
7425 6774
-8885 8015
1973 -8457
-5985 -7817
-9345 1082
5721 -6150
9342 7042
1975 1287
-311 -4076
8551 3996
-1205 9019
-5301 9344
-1014 6623
6312 6950
-1247 -9082
3513 -3924
-3066 8786
7494 1165
-6794 -9393
5478 3946
7288 -2424
-8037 7554
-3078 -8032
-2208 1774
4959 -9201
5454 21
-1942 3700
-6343 -4491
-7638 5711
3592 799
-4022 -2310
7198 -2796
-1876 3426
-5411 -9803
-3068 3851
-236 -8977
6585 1003
-4068 1851
-1058 8834
-304 5053
-8959 4965
-2682 -521
-2056 -294
-4245 8773
-2456 -5291
4778 -2366
-8171 5188
4329 5225
-7365 -2524
5317 4954
2912 -8480
-7114 6885
9748 -1496
2781 2113
-1496 7319
3520 -7203
7943 -1131
1954 8485
-6381 4020
-8117 1431
-2754 -4232
-7163 4344
3835 4015
5597 9042
3153 -4534
2285 -5447
4967 5962
3902 5226
-6641 9284
8619 3698
-6705 2352
3628 -4645
5904 -1838
-6971 -6952
2282 -4324
5901 -5631
6271 -3545
-3778 6144
394 -6417
1692 -4122
9710 4712
-6830 1848
1287 8361
7909 8759
4257 -1438
6552 5264
892 1294
-6788 -3267
-7067 5697
1558 -1035
-61 7606
-7271 -8810
-5070 -1875
-3074 -4139
2305 4994
-8339 2661
1962 7771
5619 5795
6538 1809
34 -9637
-4773 9239
-1829 -8363
-8530 457
-9201 6825
-8597 -1051
8016 2156
2652 7897
6945 -5353
886 -7690
7000 -5674
-2759 3906
-925 -7305
-9056 -4885
2128 -4419
-9866 -1510
9323 3557
5921 -413
-5144 -6917
-3189 2195
3528 9557
-5208 -5171
1139 -9787
-3534 -7334
-897 3433
9635 -886
-3817 -4524
3783 892
2413 -6764
-3440 -970
4657 4279
1883 -4618
1065 1029
9806 2441
9485 -8541
