7997
3972
9489
886
7070
9960
6640
2480
1190
7726
5942
2024
601
4291
6067
2476
8636
6378
4422
4519
2195
3665
5157
9819
3713
8203
7033
7017
6281
487
7752
8894
9589
3992
1145
3805
906
2097
4332
1437
6924
4748
9403
7371
5062
5571
6903
3511
6491
7095
9958
3940
8940
6125
7662
8844
9985
4275
6837
1035
4850
1592
8096
616
1754
3839
6522
3715
1483
6190
1387
2086
5933
3066
2017
9037
5067
8210
9676
8368
2294
4047
3510
413
4736
9343
2157
3114
1716
7103
1449
4296
7283
2501
8754
7534
7152
4638
5151
1432
2290
3815
7126
6571
6891
5739
9624
7556
6056
1219
8111
2884
1572
1233
3988
1132
4330
8028
3154
9369
2812
9839
2730
5576
2778
6750
8264
9114
7907
6809
2166
905
180
7017
1648
9691
9489
6847
5085
747
5355
2652
7643
478
2250
6730
5467
3019
3383
7416
5187
540
2113
410
5241
8574
7198
7389
5509
2446
2032
6797
8227
2238
1883
7579
1047
1151
9895
9695
2088
4568
8951
8617
7927
1891
6043
6353
287
4421
1991
9419
53
2938
6280
1243
3028
5642
8111
916
5703
5811
506
7620
1037
705
9987
7709
8440
8629
2278
7797
5617
583
9869
2482
7286
3271
7894
7640
9829
4372
6958
6809
8329
7019
6081
4453
9890
3355
5976
7613
5665
6878
9613
2070
8215
9711
7907
9736
7312
2248
364
4387
7342
4807
2926
8199
2778
3042
7805
7315
8846
1292
8503
7826
1259
5652
559
2386
4550
438
736
1837
8982
4777
7540
8693
1385
8055
2174
6789
6698
9788
1446
9381
1877
9198
8129
1892
6045
7165
5465
196
9430
9965
46
2876
3633
4879
8379
3338
7519
5166
3520
1932
8727
9766
9399
5519
4922
4129
9583
3383
2678
8803
937
7907
6390
4994
7019
2871
9038
153
1800
6793
6799
3755
7741
2044
6755
6670
2426
402
1612
4821
6015
1327
2899
3433
5305
4248
7851
1147
6473
3135
4591
8918
6860
3900
2768
3834
2577
10
1689
5674
958
2031
2776
2300
3422
3042
371
6229
8086
5355
5851
980
2111
3080
9565
4205
9704
3960
1974
7420
3839
7146
9036
3133
44
4367
2591
7352
9218
2107
2193
6087
9776
8598
6133
7485
9334
6934
6848
2291
3819
3505
1230
6741
735
4455
8288
5052
6001
3522
4995
7703
6522
6340
9675
1565
6681
9628
5077
3485
3056
1083
818
1163
3016
1142
7115
4982
9045
4746
524
5215
716
2100
2383
3972
7468
6599
4099
2937
451
4338
6953
1280
6410
1004
8175
6219
5230
1496
8930
4131
8177
2307
6065
1015
4134
454
3668
8640
5910
9429
3960
5770
1606
3586
4916
6998
8303
8539
2374
8785
4547
7110
6151
8970
9827
4325
8726
195
7492
6372
3330
1663
798
6388
4114
5522
1775
2158
8079
5559
3948
6666
7456
8734
8576
7225
1035
805
3254
6822
7754
1192
8742
5766
8005
7547
3476
8588
7297
6866
5352
8754
5266
6579
8063
7915
2624
9393
2324
9796
3369
7739
9532
9671
3792
8172
1857
8785
2964
7567
409
7796
8080
8425
556
4399
7999
7544
9445
7423
4881
9365
9781
8873
6224
9094
567
3008
5928
3616
9961
469
3763
411
4803
1568
1459
4032
1635
8154
1932
8214
3426
8452
5733
365
246
5912
5683
7639
8642
363
6598
8227
9522
7804
9733
9466
1518
1708
513
7695
8406
197
1820
5022
3545
1229
480
7514
3509
7722
5598
974
8318
1208
2963
4481
8887
608
5820
3124
8630
2531
431
6296
6068
5957
1386
1523
6253
1661
925
4865
7546
2578
3899
3158
1947
1842
5207
1515
1511
1937
1335
6861
1895
6531
1496
7288
9797
6104
1160
9017
732
9725
4073
1788
965
1506
8514
4080
4767
8537
7152
6432
7685
6989
6867
5032
9806
4261
381
4259
2065
9776
437
6904
914
409
4718
3544
4452
3899
5489
837
6406
5262
979
7402
9885
5565
4485
5611
1979
397
3022
4670
6701
497
9835
5658
743
9855
7943
5507
4029
1024
2669
3993
5542
835
9769
2825
6081
1938
9458
3811
5338
266
4294
4348
9017
6218
7004
7270
6744
3704
6020
1927
9420
6518
9834
5647
7234
3686
8616
8513
8146
9081
4118
5905
8979
7892
603
5640
565
220
7773
9018
3037
2243
9922
931
9266
4884
3201
6874
9458
100
4509
6700
9888
738
773
9713
1587
9854
1024
7972
2473
2796
4092
4934
2505
8648
3989
7881
9262
1459
9749
333
5670
3973
4732
4480
9768
6289
8152
5898
4198
8982
9029
6152
4360
4060
2370
9656
1286
3811
2303
6546
2116
2039
2626
8295
5416
4556
6189
708
9541
6576
8035
2273
1721
2465
831
3084
3205
2917
6839
6941
6633
11
6129
6740
4430
6507
1261
4271
5788
5649
8726
4628
5844
6745
7461
8028
9126
3174
9412
5975
814
3346
8691
6099
9290
927
316
9781
6997
843
5526
8093
8906
2282
7998
228
8713
9806
5507
8085
1889
9525
7122
4371
3345
5629
6396
6438
7981
9170
3774
9311
2644
7580
9419
1955
6450
3295
4372
7554
2332
8643
8481
2774
9704
9664
1802
6912
2653
3905
4950
3786
3737
9958
1857
1124
848
4749
734
5503
2120
6143
2487
7398
4382
7923
9318
5268
2393
5232
6102
3644
2889
381
5233
3509
21
4007
9975
4887
2516
3067
2612
6072
4067
2413
9347
1059
9896
6977
519
682
9904
6106
1470
5147
6475
1476
3916
150
6230
7959
9877
7048
2284
3566
2035
1212
7209
4371
5707
2819
1842
2321
9530
8987
9569
3824
9922
9106
446
7352
9133
1025
3090
2428
9956
2096
2193
6979
7899
8247
3599
9592
8044
9930
3907
8950
3281
4941
6229
1962
7861
4550
5327
462
2465
7261
759
4496
721
7879
6020
1956
3563
2879
8215
2261
8097
1680
2622
3546
9244
9279
9645
7737
7412
5840
6034
4129
9365
8238
9886
3559
9119
7352
899
9739
546
3360
6629
7148
8353
8606
9638
1426
4621
3779
4145
2756
2339
4787
9732
6231
3565
2489
4599
8194
1706
3294
7801
132
66
6214
185
176
3927
5081
4625
1422
6695
1306
9181
7159
430
857
324
6858
371
2009
7353
7559
2882
8229
178
5191
1290
74
9707
7651
3006
8889
7448
5534
9764
4585
7537
9143
4401
7450
6212
2603
4106
1500
3923
6779
7224
7794
1076
9881
7510
7756
1115
6167
7237
2299
6604
4100
3037
4442
1497
3940
2629
7549
9078
3011
4118
8227
836
603
8453
2843
3692
6022
4722
1253
8402
4712
9322
5553
2875
7953
1531
7676
8424
3030
3036
5200
1991
9033
8004
4986
9485
6382
5028
1658
3772
8122
4045
187
3017
6695
7051
7781
3032
333
3740
5152
9783
3036
1174
7049
3627
564
5529
3561
9168
4639
8454
7030
1267
9933
3002
727
1245
7310
9922
314
4858
6352
2591
2041
4937
6839
2603
6453
5316
4750
1342
4761
8710
3783
9045
7754
7181
3998
2421
7465
7099
8953
2912
8410
8204
5483
856
4519
6919
7160
6388
1268
6002
8029
2191
6451
4078
2602
6016
5602
7342
543
9058
543
6364
6255
6322
9296
2236
4693
8835
1795
1425
5505
1751
1495
2885
9500
1146
7258
1831
7679
9907
8029
5636
4263
5688
5042
5024
5043
5631
6625
7261
7685
8033
3875
3546
5766
5504
4746
3776
9698
6896
6489
8217
1363
7736
1563
9910
4896
6260
9176
7294
9949
6419
3348
7037
1241
1094
183
6124
4535
6005
9838
3622
7797
8760
7310
5745
1077
270
2449
2248
3082
2201
8637
7876
8468
6340
804
4996
3399
1161
4669
5757
4693
2450
9724
5547
2961
9191
4677
5724
9913
2925
2397
9546
3626
1858
1717
5776
4101
5363
885
2000
5946
2144
9141
7223
5683
3607
4486
2110
7304
7686
6365
6405
3043
2435
8473
8837
1220
3660
130
9008
3404
6367
4081
1425
7820
8330
224
6485
5175
8171
6996
9883
1656
3464
5482
7219
8825
637
8870
262
1508
3764
5839
6629
7764
9441
1824
6845
8383
8009
7860
8375
1836
3449
6871
1578
2450
9017
7504
5878
6138
8566
6904
586
655
5958
9703
9323
1253
3887
4013
256
4815
5799
7713
2176
2085
2555
4448
6612
8745
7673
4120
7223
5787
6231
8697
7723
5404
5922
9104
1062
6209
7237
2939
1842
2524
1181
3037
3413
6754
6215
2350
2093
5785
2923
997
9427
9938
2868
8970
6715
3057
4539
973
9938
1191
742
9219
3453
9043
9526
6704
347
7572
7674
6330
2501
529
5269
5212
9756
6820
7899
7046
8601
4772
1382
4630
4409
7666
3147
3571
4657
5617
9095
2008
2886
3577
5345
6539
7291
4001
5979
9881
4655
577
2159
6725
4558
8380
1255
6319
9467
9862
8918
8974
2645
4826
8552
7175
1528
2125
6745
6103
4200
1549
404
7258
7711
4365
9630
9435
3082
5803
7862
5470
75
4541
7109
6381
6069
2127
847
8207
9289
6844
9859
5887
8049
5846
9179
1565
8821
5396
9682
9159
6806
8747
4797
8078
6122
492
9366
7919
4534
4435
9553
1285
7819
6399
4105
1967
2876
1396
6990
9497
6325
7484
811
5502
7802
348
3583
7234
7249
6198
4215
4600
1755
2993
221
8978
672
2420
9019
7588
8856
6816
5266
1300
5160
4108
7452
966
8215
1682
5408
267
4644
3375
5981
262
5829
9322
3306
160
7787
7881
4544
4025
9296
1731
8861
3703
2284
2194
9433
4163
3983
9778
141
9626
7964
2696
4115
9720
6821
5335
1607
1037
5792
8372
3777
9831
9689
3567
2945
7875
7713
375
1810
8707
6086
95
7109
6291
9377
6166
9823
8884
1627
3730
282
8736
7915
9470
5862
9137
2112
3889
4487
3416
1062
8411
8780
9020
2269
7506
3080
1697
7251
2834
1910
4799
8736
1574
8478
9474
3280
7008
8720
161
1108
9259
9904
4648
4188
6120
9498
1078
4568
9645
5441
7784
9166
164
5024
6852
5099
3905
7833
3053
473
9180
2539
8860
1564
2620
676
5918
1861
348
5276
2888
6473
9791
5957
1889
370
2468
3265
3448
3252
8205
6497
5473
1699
607
9469
3761
2384
5754
7041
2178
5283
5889
5040
9067
4952
5276
8214
6040
2121
5454
6663
7632
3133
3647
3228
9493
294
7833
2964
1421
7646
9952
5603
2078
8954
4466
6064
4706
1201
2512
2865
2375
275
9036
9916
2852
9792
4372
3450
1249
9940
1970
1421
3427
7488
7753
7108
7030
6379
8439
8446
4778
6621
9873
2718
5920
7096
9478
4527
2355
3945
7146
2144
157
8933
5387
6055
9036
9450
5072
4014
6468
5077
1588
1500
7800
7657
4015
3887
3801
8710
6645
6481
2927
1597
6689
5273
1861
3404
3830
7780
4967
4799
8557
422
7881
3095
4134
5002
8933
40
4578
6544
5222
2778
5208
5022
25
7077
6604
8400
4793
3078
9973
1627
2583
8009
7334
7314
4265
7984
3958
8159
9205
6518
97
6419
1398
2591
2640
3037
1041
4935
2874
136
9069
8347
3712
9334
8609
2353
1205
9539
6065
1342
355
2896
640
6862
9191
5608
3873
6804
442
1577
2918
6771
7028
9808
688
9320
65
3418
9974
4098
2720
2432
4483
4488
8407
4555
9724
4920
4736
6351
5593
399
6763
3786
5430
3669
9778
6629
843
8460
8345
4874
6682
6752
9352
1933
1117
6833
7674
2133
4105
4413
8517
6913
555
8486
490
4543
4159
5607
5311
9822
5174
5458
5812
6763
245
3286
3306
5478
2590
3157
4654
8968
392
4485
9024
6425
2586
7327
770
1619
1794
5371
8356
7643
4275
5485
97
8556
1221
9974
7392
515
4555
8055
2174
4011
2113
8887
5896
3770
5991
5183
3012
6245
5996
6764
6772
3888
9706
5868
1049
2830
5970
5754
9820
4429
8503
5609
2654
2352
6802
2330
4404
7667
9029
7707
5006
2168
6322
5083
2916
5282
4225
4169
3763
2328
8657
8477
1834
2807
1438
8834
8226
5622
9412
997
3257
7942
7015
3006
4999
388
8143
4958
277
7031
1205
6070
8970
3097
928
1289
4524
3071
2136
1749
8254
6181
4537
6093
7803
5005
5005
7070
6051
3708
6764
8524
5616
7802
7679
3481
6939
1375
2172
5530
2117
3659
207
9301
8019
3742
8692
8038
7875
4408
3188
8573
6897
2276
8248
3608
4734
9551
6143
9911
3136
8271
7617
7388
4162
6268
8496
8265
5015
5374
6531
7256
56
848
4811
9734
8676
1643
9998
7641
2021
6878
1242
7372
4025
675
325
8356
2660
7192
1543
3933
2239
9026
425
8198
2702
1881
4097
3962
9467
5618
2280
7120
838
6700
7305
9676
5935
9775
81
2058
2702
9489
3519
8929
7255
4582
8323
3080
8679
5440
1834
6495
1352
2703
9213
5259
6354
3039
1698
160
3446
6331
9021
5392
8935
3126
3430
4444
3986
2263
9862
6814
1922
5371
3191
7228
7716
9974
8003
8644
9455
8048
6474
137
4918
5766
8399
7621
5632
5328
5648
8956
5863
1650
3730
746
7580
2050
5645
8017
1373
688
7107
8165
7327
3147
1505
3664
8794
9425
7760
5711
3041
636
3195
4735
5426
4660
7794
6181
1139
7058
1832
5254
2807
1663
2521
4032
6992
8347
9460
3315
5245
9175
8436
6442
1116
2941
6154
6856
811
2700
3689
9310
4385
3024
9022
7274
5554
5829
1275
7712
7564
9662
9930
1429
3066
3123
4981
2121
8334
2852
5186
5014
1008
8805
4559
2811
9882
2796
7053
2318
7318
2556
6354
4163
8755
8203
9480
1820
1283
1727
6259
3279
1539
8294
658
1109
8106
9461
5616
3026
3700
9451
8185
3143
116
6220
3578
4129
479
6146
4191
5236
8006
6577
7479
4629
8152
9905
6598
7042
3829
497
137
1237
9510
8025
4069
2980
1770
3720
9017
2375
2882
8533
7813
1465
172
1828
5280
1962
1975
9111
6560
6472
7426
1985
7945
3817
4293
864
4889
6940
2090
8427
5958
234
7951
8903
6506
9822
9828
4852
4387
9843
2713
4209
2345
6145
7649
8641
7417
5825
1059
8030
1763
7444
7790
7772
116
8699
3419
7273
2343
1862
4565
7102
4641
3211
8120
1531
1455
2657
5524
4568
1683
4370
6681
6004
449
9389
4326
3739
1127
7111
8109
2324
7501
7791
323
9640
1366
524
3057
8554
6050
6103
5218
1274
9183
621
2844
2900
5797
1077
3668
8609
1805
1807
1772
7179
9626
4701
9045
4166
205
377
712
9429
7140
2643
2774
8088
7824
385
3396
9914
8984
1761
123
6420
5031
3999
4533
2702
915
631
3381
9497
8313
2355
2763
7679
5221
5428
9667
5706
9954
2818
1192
666
8126
6216
6300
2801
5559
6562
2576
4624
1640
9148
9377
3654
5333
3107
3453
349
7505
1972
6261
5025
1870
9430
1212
9370
8849
1462
223
8216
8277
9358
5087
4722
5050
394
5418
9638
9501
1796
4817
7522
1321
2168
6559
1928
5194
9700
1711
3446
3820
6030
3191
677
7264
1140
5380
6306
4326
9503
8455
1046
214
9541
6314
511
9353
2989
3774
3983
4029
2114
6585
7636
4615
2196
7922
2530
8752
2218
2383
6176
3533
6506
8872
8723
2821
2000
6306
9086
6593
8987
5028
6533
103
5833
1239
3089
4590
7945
7595
6836
7168
8951
7904
4296
4678
5909
2887
7142
6283
1316
76
2422
829
1971
8444
5211
7075
1439
430
585
9943
3538
1438
4432
9810
428
3464
7434
6096
983
2252
245
2942
6956
8485
2828
110
6659
3461
3869
6287
2506
4248
5146
2408
9462
3326
2028
1032
8643
7593
1787
5114
5500
9082
3085
945
4695
4985
1709
9979
6692
4975
244
6746
7761
5687
9953
2369
5930
1448
1350
1522
2474
8253
4347
2558
1843
1561
3165
9269
125
2151
7814
8995
1615
8329
3116
179
5903
2807
94
492
9335
46
8649
9339
6904
4932
5694
5061
9904
3186
7811
4585
2428
3130
5012
2120
4858
7135
9897
7331
3038
8545
3718
6641
7921
9330
2511
1564
5570
7854
2765
4256
141
1007
3334
2913
4825
2318
4965
4721
5912
30
305
9247
6044
6024
2447
6125
3907
3345
6541
6022
3024
6945
3913
1329
3239
4619
4932
5367
9888
8309
874
7676
9915
8961
1532
2937
1480
1343
4306
8909
297
2264
5313
2609
7374
9130
4278
2260
4922
9994
6417
318
5075
4010
8369
4833
4619
372
4860
2721
6402
6440
6730
8289
5760
2936
3368
5624
2604
5626
5370
5923
3018
1922
1553
3097
7376
3346
4472
8888
128
3976
4316
5412
6080
9729
5125
3095
370
7532
1320
2107
1886
9083
6541
6436
3656
7989
5168
8814
4105
2786
2429
5931
2368
3705
6277
326
1712
3827
4543
8225
2495
5659
4181
566
2581
7771
2364
9735
9202
1250
6033
3452
1348
7899
3502
6209
3280
1495
9616
7393
8232
3665
6684
6092
7101
9130
8890
2482
4113
1953
2754
2042
4264
8041
5081
2222
481
7703
9415
1302
3371
7338
745
9424
4581
1644
4206
9260
3370
2346
44
9820
8727
7551
6816
1510
9910
4965
795
5121
4578
698
920
4705
8625
7130
7723
6032
8343
7691
9295
954
2195
2281
741
8219
147
2606
5546
4723
1106
2725
9237
1780
5713
7791
6802
2969
6331
3477
5650
8278
6566
442
4054
374
1430
4408
7212
6001
3107
7695
316
5472
4883
1918
645
2299
9632
8479
3910
6242
8979
9974
6814
955
3116
6533
6240
1849
6969
5690
6686
6552
6657
3165
8808
6980
7785
1893
2596
2184
4588
3997
7516
7461
2701
8220
87
253
8118
5688
34
6170
8669
4536
9528
3776
2515
1109
4613
2348
7882
4648
6280
8130
7631
671
9407
9886
6092
6517
8810
9222
4185
6673
1629
3099
9386
4195
5987
1146
1589
9238
4549
6865
3986
3007
2383
5230
2177
7717
3656
5502
6370
8525
387
8129
6509
194
3157
8784
6351
6059
2005
5372
4839
7800
8297
3957
3815
5568
8691
7286
2190
2373
128
9559
7385
424
2322
6042
5590
9663
3737
9701
3182
7051
6628
4354
5576
7789
1515
922
4814
4310
9579
3470
2744
6545
4844
9310
1311
540
6198
6905
8065
8158
5569
7706
9639
7821
8848
1584
3859
2547
3130
9001
1623
2356
7232
5128
2919
4009
2630
8315
3246
412
9021
5782
6353
8360
6191
1050
6509
6567
3332
7610
4746
5490
5654
5115
2940
8455
1288
7089
8815
5444
2249
6618
9609
7907
7966
8354
1667
4367
1482
6592
5677
662
8526
4087
530
9691
8911
3198
779
460
621
7422
3003
3468
6555
1229
1292
1470
7074
2335
2953
1461
6540
4715
2227
8983
7582
1630
825
8422
9753
5805
4568
4259
3579
6579
4576
5846
5161
4004
4804
1171
3258
7721
1683
1682
8918
6814
4725
9545
2262
3785
9050
6684
3974
2553
1979
3787
2503
9356
7359
3721
5273
9479
4155
1205
3538
4479
4518
9384
2520
5318
1047
7509
4862
6766
2158
4449
6406
7877
4070
8702
8202
7238
3343
1030
7403
6368
2635
9642
3215
9852
4632
9939
7603
3468
6676
9970
4572
4923
9740
3657
1316
4762
5381
2681
7345
6857
1555
2418
3536
5834
2124
9122
5018
5677
7903
7985
954
1105
6537
6407
2073
8178
3032
1727
2054
4452
2050
5055
3550
7611
3566
1711
9060
5045
7275
9224
8151
1951
2944
8559
7460
5575
9453
9336
5620
7253
8295
6181
6134
5178
4983
3828
5505
3420
7915
7849
1062
9806
5871
9925
9807
2893
3161
8643
7024
3957
7413
1063
1285
6364
7127
1042
9291
100
6848
2333
8506
6641
7151
205
8076
4398
8173
6946
5998
1245
9579
3596
6215
8200
828
4915
7489
1048
7301
2803
3425
4797
2661
880
618
9479
5024
3880
4425
7025
5812
8182
4581
4521
4130
3455
1609
6836
9895
3703
837
9492
8940
7817
2598
4833
8452
9755
3355
5608
3036
6234
5293
9862
1874
6576
8440
6869
273
5935
571
6533
3097
4790
7238
4628
3910
1380
3214
1048
1165
7104
1005
8390
6328
6805
3079
7304
2169
4709
4405
4845
1768
7614
7309
5064
2158
740
9964
7814
6737
2058
9642
1594
1980
2247
6610
6826
3587
5312
4996
23
9929
1349
808
5820
4602
9751
4659
9903
4680
5826
1146
7588
7209
6741
9240
3032
9016
3630
6446
6006
3297
7064
2949
5536
8223
3035
2986
9270
4746
9566
1132
5515
7766
6178
8093
6951
5456
4048
635
5479
2962
1787
6640
6479
2536
691
1100
6550
1160
7292
7989
8525
2088
6233
1122
8156
627
9645
4591
3014
3553
1288
8738
6266
4476
8350
9746
150
3115
8062
5628
7811
4766
7211
7782
1955
6093
1636
8840
4508
4045
7212
4229
1641
3199
4715
945
8837
4338
7511
2500
5093
5558
2264
5028
6535
3101
1685
5795
4958
5769
6431
508
746
9998
3917
5960
6285
585
5283
3728
8723
4096
8071
3459
2348
331
3543
8107
6617
3193
9273
7867
1280
5287
5125
653
9708
2964
8653
4210
3763
2583
7030
9227
9839
8694
7269
3217
3536
5371
671
8369
7873
2346
5428
4337
7007
8014
2672
317
9005
1283
4869
9910
4531
8408
1916
5928
5413
2887
8277
4066
2309
8089
7439
6781
5832
2766
6755
638
3508
205
6472
9552
8766
4111
4496
7544
4847
534
2535
1228
1062
4620
7088
4800
9012
6930
8297
1636
3386
7466
8361
7251
7541
6151
9603
4848
5614
1616
787
1524
2143
3157
7520
5843
3854
9291
9384
9830
9836
2606
8939
7277
8776
5512
3216
724
3676
6718
9685
7981
5759
8502
3178
5240
3702
2578
3194
5339
1567
4684
5985
1480
5697
1047
3296
640
3689
6960
7893
8073
3665
4370
7113
2457
777
7466
1782
2638
5017
6008
1746
3789
5180
8469
3379
529
4604
8107
5282
5220
8181
5793
2175
8926
5603
6957
9447
4671
9466
397
997
9310
4064
434
5035
2260
2517
4798
9840
3671
1823
6316
8020
1375
4234
7706
5049
8772
5660
7265
936
7009
7977
105
1126
2916
5549
462
5339
5886
5049
6736
2339
4195
7917
9002
1460
1345
9972
2164
1431
3896
9619
5085
9964
8272
2654
8517
328
9578
93
5557
652
9070
3123
6633
6957
8388
5939
5798
760
4606
5689
4975
1714
5198
563
7331
8110
2955
1748
842
6835
7109
1902
9584
8356
7980
276
6197
8291
2515
9529
3253
9220
9193
4851
8081
6823
8964
1944
285
1616
8364
8074
7415
6381
8113
3195
7935
3960
7339
4780
9399
4018
3725
1695
1081
9326
7184
2075
8637
1468
9812
4144
8086
1879
4989
3967
3890
8934
7312
9300
9528
2979
3994
7888
1911
5582
5345
9041
1405
8792
5708
5521
3242
5000
8860
6484
2416
7524
8207
8323
7439
4904
4273
3860
1944
8801
9319
1056
6757
9962
9750
2123
2052
939
7147
4114
7371
7199
7540
1343
3743
2870
9650
3295
5150
2891
6128
8125
3487
7737
4278
5737
33
7172
8126
1492
6744
6101
956
43
5369
5899
8545
7179
183
6960
5625
7360
3702
7035
2100
6581
2269
2026
5147
335
9099
6478
4101
8805
7044
912
2867
9305
2342
9405
2232
5551
8077
4537
8054
124
5623
4690
5601
7931
3861
8754
8969
6776
4190
3973
4139
2086
6774
6108
3624
1231
6559
367
840
3046
3949
6590
7916
2224
15
2641
3251
6441
6173
3350
5673
15
7418
6199
9636
4472
4891
6761
8321
4177
3033
7302
7489
4916
4552
3031
3328
83
5258
6028
8363
3651
4826
51
9051
8808
1674
1113
2886
9932
3266
1525
333
7636
5559
9706
3551
1078
1297
5073
3287
9470
7958
4631
7308
8286
251
5383
5349
2917
4699
4050
7257
6751
3065
2898
3191
588
467
4995
3488
1851
6771
6860
6588
7263
4655
1909
1244
8706
564
7903
7924
1312
1660
3755
1055
2818
6076
4761
2199
9336
7511
6929
8324
896
9350
9662
7448
7076
3203
3998
6450
878
705
8635
2331
3447
7528
9427
8254
2177
393
1439
9043
8363
9579
3152
1431
6420
5417
2238
3753
4634
5827
6192
2684
4399
9430
6352
4392
3385
2694
6524
4960
2839
4019
773
3094
7829
4661
6349
647
2976
2482
7417
4290
4566
1554
2759
6468
8750
60
8758
8208
3678
3626
2095
8828
8724
9495
1433
1136
6837
6218
8469
3897
9920
2071
401
8118
1623
6114
2938
1467
3792
6554
7646
9136
164
3912
4908
4173
1505
451
2660
4216
622
157
4597
2045
9711
8940
4848
4911
6217
3104
6699
8828
2577
4566
8115
6107
1037
5087
7683
2693
13
3221
2435
6085
7990
8623
6664
252
452
2680
5456
2459
2177
6215
8750
1522
9318
5527
5818
8606
2849
5188
7262
7502
8355
9526
6429
6024
3868
6011
5248
8022
4101
3783
4950
4517
4942
5404
791
7622
6870
569
4465
5136
3688
3357
7824
1050
6125
371
9734
1050
7971
1950
8207
9842
8441
3752
5195
4507
183
9563
2294
2701
966
8918
2761
3639
7544
9125
1303
6734
4599
338
5240
2653
7433
3435
5382
6627
3064
9724
2720
7356
2034
7922
9925
4800
1450
1324
1606
8489
3738
5146
1771
6545
4291
4457
3731
1107
3977
9823
7437
3022
2651
1434
7277
4861
1726
9881
8926
5054
8425
9469
8642
9540
6403
9128
6173
9663
1728
478
4534
5644
5281
5385
749
3881
2191
6469
5553
4013
5927
3698
4782
3142
3146
4556
5111
8731
4168
361
4119
8884
1691
5605
5379
1599
4129
192
5487
5541
6210
6186
745
1693
3500
288
6847
3010
2524
9461
6214
6988
7432
7321
6324
4080
5979
9174
3346
473
8322
324
5090
2017
1664
6916
231
6762
1043
9810
1501
3124
9264
9968
6269
5909
9052
8083
6905
1643
40
572
6380
2934
7217
1752
8120
301
8879
60
59
4519
7642
2143
47
5967
2489
8223
8364
8461
5873
5889
1806
770
1317
2477
4517
404
6851
7574
471
990
980
3967
4948
5955
581
2824
5415
1980
3269
4406
4286
778
9103
7666
6757
7055
6576
6483
9322
7191
9781
2843
2791
2806
9237
4411
6801
9235
5089
7660
5855
4379
9696
7847
3173
1352
7988
2156
1839
8686
1531
1871
7097
3564
9880
7586
6855
2166
7792
1384
5895
2720
629
5055
435
8583
9490
4717
9802
502
3979
2856
6931
3162
6129
3615
6055
4579
4811
4878
9856
2312
987
2388
422
2890
7388
8972
8375
3908
6374
7749
9977
6440
8802
2516
2935
6256
4230
3806
3782
8673
6961
2583
2463
3866
1994
6708
6843
203
9160
1010
1819
4910
2156
4661
1632
5409
3085
7953
6651
8363
3069
1483
8076
8114
2292
4202
9358
7707
4212
1650
3886
162
2876
1088
7445
6305
8537
7586
7395
4611
6973
8188
8199
1860
5315
7633
9188
3065
2047
4274
8026
9169
9791
9764
2822
1622
1018
2318
4430
8496
743
902
6561
9933
2855
2141
9120
1531
7531
3599
514
2123
1012
5715
5689
4879
1911
4094
7752
7410
4243
4988
2772
5315
477
4179
3866
8802
2924
8889
2564
285
3577
1423
4757
7684
7551
1108
9789
9310
36
6295
7902
1263
8401
7486
685
7545
4636
9452
5303
3905
6903
1413
5389
2654
1127
6484
8601
6297
1752
9063
8731
4316
5390
7817
6281
5806
7802
4342
3034
2421
5007
6027
8356
1186
560
4673
7597
7742
8247
4171
5051
6435
3022
4860
2215
5933
8145
5674
5277
2789
8714
1256
5680
2052
7962
625
8396
5953
2556
2124
4979
8684
872
1091
5156
8004
426
8355
4155
7272
8515
8321
976
1915
7164
9696
9498
4884
914
5989
5155
484
7128
2936
2324
5172
9425
3946
7313
5855
7695
1227
1590
8553
1427
7575
4543
6825
1794
2526
9132
4293
6388
5532
4175
3745
2639
4732
9975
7013
916
1513
1572
1857
7803
4276
2232
8909
3152
2363
9476
4312
7421
3941
6495
3397
4478
4062
1878
3999
2630
3406
9135
7259
8110
8284
3733
4449
8905
363
6003
596
3032
1129
3032
9741
1009
1778
9072
6709
9875
942
7643
3637
497
5686
1235
5050
1672
9788
4232
6068
4514
6252
3762
2065
2255
9012
3673
7552
5674
5436
1934
5447
6202
1330
6950
5639
1459
3674
5279
3856
5292
5071
1672
2034
6714
7977
5702
2190
3484
1852
1569
4270
791
3532
6632
9021
6430
7326
9331
3909
3070
8090
3447
694
6842
4636
4617
8634
8091
7754
8115
5895
8213
3828
3201
2369
8741
5719
3343
2646
5808
5704
7790
4866
3765
3694
7987
8194
734
2456
7777
6901
4471
9383
3194
4616
6862
6011
202
6277
8666
19
605
3913
9066
5973
2504
9822
6641
7367
8115
5448
3347
1508
9782
1752
9634
3261
7735
6636
4180
1460
2320
2616
9968
1505
5518
6072
8884
714
4569
8536
8073
2490
4927
3543
8202
3169
2769
5211
82
7302
5571
2842
5422
8655
8707
8430
2867
2452
2244
4481
2022
3589
1288
2494
5268
2671
3394
7573
7498
5124
8865
6415
1202
6795
734
6508
5189
9001
8324
5213
1329
7189
5409
7100
7500
8631
5028
4587
7612
7698
2709
7286
4661
2415
7401
7026
2379
2544
3535
8266
8043
8754
2973
5387
1201
2987
2821
9983
120
7519
1653
4968
3346
5065
4513
4426
8045
8901
3546
3139
1798
7747
4951
348
6847
3705
2046
8552
6283
8580
8418
9048
80
1849
7548
8609
7257
6026
9425
3513
5202
3603
4420
778
1282
3374
628
4664
6543
23
9665
9783
3167
992
3968
3925
1986
1391
6239
1118
5308
7314
7901
5502
636
4936
9752
2382
5223
8098
5208
5880
7247
1158
8591
928
5874
7825
501
9543
4830
4357
4005
9994
8840
7664
1418
5112
1883
7436
8802
7363
818
4186
9705
2655
7314
5489
6621
9241
773
7648
2475
4010
6874
50
1695
8523
1881
4627
3940
5497
3448
4711
7109
959
1944
1022
4501
9117
5164
7563
4118
2542
3168
9365
3910
5371
279
9968
4821
6191
5548
3243
9508
6357
876
2269
1868
9503
693
9376
8796
9088
7799
9686
885
6822
5977
6392
2252
2801
1780
952
2356
4233
2609
2497
4307
6475
2030
7020
7460
9160
7324
3810
3313
8582
582
2502
3007
3433
1865
1276
5902
6753
6671
993
9264
4361
782
918
8757
5966
9072
5744
4514
3228
788
9650
6107
9609
4017
1266
5022
7142
1834
7324
3880
4383
1945
1446
6258
9927
4167
6903
445
6079
8757
7686
8295
5656
9976
9149
5262
4858
4186
8695
9548
3306
1726
9332
25
8203
9316
4955
3049
3021
4026
8288
3466
1764
9443
2603
1067
8620
3035
4025
572
9634
7744
130
4188
4460
2853
1981
4472
9558
6331
5402
6534
1269
635
8062
2751
2473
5817
4644
4086
8523
5385
6635
3454
9534
5298
9811
1966
9652
7110
3325
4529
609
7787
6646
2419
4116
1129
361
4120
4165
2517
5470
3801
2280
2917
8256
6417
7667
6262
3328
3784
5290
8914
3041
3064
7417
6462
7284
9739
2955
1037
9266
556
2242
4892
7623
2067
9388
2604
1522
2007
9247
7176
8648
882
9315
8556
731
4957
2513
2844
5147
4022
3139
6572
5580
6015
7993
3151
4948
5533
6045
6424
8551
1266
4898
3680
4055
3200
4524
1679
4310
3600
7542
3512
476
133
7299
1319
5583
4252
138
1130
1571
6736
5332
4461
1380
2672
79
2740
7522
3965
6306
9950
2486
6212
8716
2326
7367
4633
5142
8295
561
9753
1481
7769
2176
4311
8502
9312
145
5880
4330
2054
9351
3165
5515
9011
2384
9066
4436
6905
2884
8248
2505
2329
4930
1326
9467
8617
5984
4650
5592
929
2805
4765
8905
9528
1773
1863
192
3485
5306
3213
451
6879
3914
4676
7908
6658
9407
1867
5371
332
3859
400
9525
4756
5468
2860
2836
5357
5554
6974
5114
4831
8990
5150
1699
4236
9186
2082
722
5778
6280
3540
7770
8317
1550
8886
5590
1609
8661
2214
6744
3347
4526
9312
5585
964
242
4079
1888
8315
371
9052
526
5030
8319
6835
7197
2114
9008
111
217
5344
2824
2973
9359
5645
4694
8184
2380
1049
7786
3031
4455
7892
7945
7503
1781
9938
4978
1614
9257
2312
5281
3172
8373
595
5605
4247
1452
1356
9172
2981
5830
9062
4195
3526
2032
1427
2675
3265
5331
883
3053
3214
4003
4368
577
5374
3737
4630
9879
998
8557
3158
6454
7181
2186
5290
3171
7375
3762
6795
2596
6128
2839
4040
3233
935
8509
7913
6147
7715
6214
6737
5445
5212
2359
9211
9725
715
7384
3790
5291
8834
6990
5376
2613
7127
8855
8677
3578
4459
6654
3114
5355
8050
6006
3488
1356
2247
8972
8251
5195
193
9983
8318
1646
8976
9511
884
9785
229
435
2948
3292
4223
7958
4391
4277
5343
4978
8113
9318
8299
4013
4135
7948
7985
3827
4011
4022
9122
5258
1829
4295
5054
7982
9847
9990
850
1294
6143
5623
9471
7458
893
5810
3758
6920
4505
3167
2796
5948
29
8635
2808
8717
8944
4182
7530
1856
9534
8796
2065
8344
1864
49
8902
2040
3874
5372
3678
3008
3582
7564
6892
440
5753
4709
463
1431
50
4431
6972
863
6965
1811
9337
7653
5734
5401
7739
4622
5064
2177
2025
3915
2272
9639
5817
135
5006
867
1005
7990
7986
9233
9054
61
1331
2235
5118
1772
7034
1891
2634
947
4406
4865
2899
8479
5672
58
9927
1675
4583
4658
9150
4819
9246
9950
9658
1563
9688
4027
8227
7674
7211
9246
9654
3240
8575
5812
8022
3632
8818
6434
3756
776
8315
1675
6040
6462
6320
9742
606
6825
2340
7792
1299
2969
8719
9231
643
8765
1593
4562
7095
1716
8332
1674
9964
957
3387
7068
9757
9180
6318
6045
8555
8724
2215
7243
9517
5406
1667
3552
5903
8184
7127
7452
2557
3226
1169
9796
7389
8563
6705
686
5185
1042
8782
7905
8579
9596
7215
654
6258
420
7979
3226
3709
9510
5034
4227
8896
5129
9265
1312
396
2155
8712
1953
1223
3709
6703
1657
5489
4932
9144
1755
9463
8772
2201
4309
2856
9494
9186
8940
9698
1060
8132
2726
6552
2146
9909
3785
2500
3022
6208
7814
5197
1263
2703
3940
9147
906
8749
7043
3733
7956
410
6952
8039
6507
6760
788
5106
5459
651
787
1835
7345
8209
6227
9140
7177
605
6582
2430
3908
5754
1953
5568
9592
7497
9538
2817
135
5611
9322
5536
2407
7950
2170
6844
8807
4000
5114
1426
6579
3170
8182
878
2770
2135
9678
7089
1701
3718
7664
4042
9405
8820
6965
6731
1948
519
222
6699
4076
3059
320
5942
5785
2936
1375
1791
3827
8039
6637
2455
8768
633
5870
2968
4397
4078
6521
1407
8219
2113
8610
9569
4573
9076
3449
7024
7449
2208
9911
4517
1991
1286
7391
5337
5148
6351
3573
9801
8754
7346
8743
6980
1953
5901
2923
3791
896
4412
5007
6940
3062
9187
1478
8899
3435
1754
1621
7421
4256
8820
8356
1590
3195
5060
5763
925
7575
5744
8847
1959
7003
3025
1916
3895
1165
2909
8402
272
5213
4207
6090
7434
7772
6289
2579
6869
7810
1854
518
2929
3456
3052
6647
7483
5921
7176
5821
7935
3046
5746
5381
8296
987
8139
8323
3820
835
5105
4083
6061
7446
6172
5792
6153
3056
3557
8425
5161
3355
1692
2408
3109
3604
5757
7396
1181
3956
7389
4526
4445
3830
9976
2732
4639
2288
1042
5000
520
4356
5136
7777
7400
2429
7411
6845
9819
3023
1402
9912
7469
8217
8742
3616
4761
5335
7747
4151
3696
3488
847
5581
3439
8684
8522
2925
325
6828
8051
7912
6703
4506
5156
2212
7774
9345
2638
5135
5869
4577
3497
9639
9200
8367
8574
2377
5975
5752
8874
7211
7426
2126
5002
807
3825
4718
722
2543
9767
3639
328
1842
2725
5931
7156
3073
4746
8719
3615
4922
6130
2905
6599
5708
8129
2107
859
2955
9413
2132
9703
6846
3940
5740
4353
3778
2487
9032
2384
6061
1541
4251
2755
591
6427
6886
2322
3229
8830
4246
1600
73
3339
182
744
5573
3432
2992
2462
5825
8360
3819
7874
9235
1080
1931
4868
924
7850
476
2951
6027
1976
1852
7441
6148
6890
2656
4173
2003
557
3772
5267
2287
8741
8349
4019
4873
5919
2013
6339
9586
397
100
9393
8333
5937
98
2292
6955
3543
8851
2399
6197
4811
2847
9928
7906
6894
2130
6801
2029
5672
6406
2390
7945
5186
519
8619
5731
4046
2890
5776
8250
7603
9522
3449
4433
6523
827
6414
9127
4062
2660
7931
9227
9418
1053
5721
4370
5076
15
3293
3633
4281
1362
8759
9610
4243
7329
4437
5119
4032
7488
6287
7920
7667
5521
7559
7083
2600
9566
3157
9388
2488
216
4749
2196
704
8445
1510
6761
5567
4510
9319
9955
4229
2616
3576
4731
5096
6878
4729
2440
7143
7341
7162
1249
7897
3281
9689
6607
919
4652
4117
4644
7596
4326
1268
9943
5285
584
7029
7620
2728
7171
3493
5475
3308
9302
9594
8990
7556
5714
4845
7246
9643
5123
2307
945
6804
4280
7117
4767
3613
7461
6222
2833
4905
5993
3600
3332
4108
9948
3389
4913
3185
7381
9611
1737
1096
8298
228
9957
9263
5822
4882
1329
261
5358
1959
1716
615
7738
3687
4625
3194
9965
1225
149
320
7761
5058
6333
8926
6382
4558
8547
4418
6303
2144
3648
343
6124
7869
2655
3866
5983
4238
2588
5229
1101
2251
1343
735
7266
201
145
4042
9516
9142
6856
1601
2088
5685
5039
6098
7744
1440
6307
5115
9736
6122
9940
9090
2167
5135
2308
2931
2709
2640
5604
6744
9882
4188
1903
3310
6572
9562
5568
8394
9568
8944
9093
9157
2953
8350
1552
1314
2570
2519
8417
1726
2002
5116
8497
3299
2653
436
756
3915
8686
7920
8259
7471
8499
9344
3218
2616
6562
7551
9303
300
3201
3083
6159
1741
267
8311
4369
7883
883
3962
6634
5836
9287
9773
143
5441
7144
7955
2445
3084
2065
7316
8511
1160
798
2965
1382
1279
6017
9407
7838
2376
6657
6419
2324
8424
1875
1892
4287
8475
9675
7855
9827
6056
6701
9642
7543
4218
8800
4454
6109
9867
4932
7894
1684
1251
9240
8405
9752
8523
5484
9492
2667
1563
820
3958
9559
2945
6715
4679
8242
3006
6013
2139
8323
2353
8273
1430
562
9101
5773
7121
8667
887
1754
4978
1643
9935
8786
5480
6190
8620
7826
2607
417
9272
8862
5995
5063
8008
5790
2788
4324
9884
7955
8590
3440
6391
6508
8840
2904
7770
4550
2417
2384
8103
9686
8768
2695
3228
5582
2526
9690
1245
4291
3021
9353
3199
7483
3801
5026
2001
5158
5851
7798
3175
8993
2798
6671
6871
9172
6714
4755
9692
5231
2305
2520
2047
6889
2938
275
2716
6892
4768
838
8678
8634
2892
5696
8882
2051
1599
6172
4116
1214
703
8839
7937
6542
2432
5789
7379
7007
3180
5739
6579
98
1428
471
401
1774
6212
7746
1216
9274
4820
3126
2743
2695
8597
3256
7952
9927
893
5756
3541
6305
3765
1515
8960
513
2301
8012
5900
4060
6505
5091
1764
2122
9604
6138
5220
3356
5462
6292
4553
7413
6967
5327
3338
5037
289
3626
6362
5757
893
8023
772
7967
7184
6406
9300
3450
6985
1097
1191
5594
4421
7832
9409
3194
9019
162
1225
1248
5511
7915
2331
3409
1952
7534
4941
2313
6195
7736
396
327
9358
5535
3592
7586
4924
4489
626
7932
583
8711
5441
8
1285
3747
9753
5775
2144
5667
9347
1376
9722
49
8972
2973
9788
679
6379
3411
1001
8429
5697
124
1090
1328
7034
5386
9115
7329
3854
2081
4660
7516
5923
9269
6193
4156
4219
1378
9205
6933
3909
6616
2426
4248
2950
2798
5529
789
1657
5967
5102
6238
5144
7294
6485
7825
4120
6762
1070
4696
3286
235
1812
1442
1527
4539
3682
2503
679
4246
2061
1285
9013
7364
289
9305
5644
5858
6938
803
733
6034
98
477
2946
6967
9390
4802
5061
9005
5422
7089
5823
6734
1269
5755
8144
6681
9084
4111
27
1572
1789
2940
9922
3399
4676
2310
8831
5955
6197
3032
7503
5853
6048
683
6506
7100
5214
162
8676
2288
5978
3237
847
1212
5942
7748
5918
9321
1443
2313
2200
4676
6615
7777
4633
7677
8517
2839
2699
9023
3274
6795
4357
6480
250
9181
9040
8705
7433
7568
1021
9988
102
9980
7344
2202
1640
402
1261
4123
9061
6271
6582
8870
6432
7210
7221
2180
2824
5149
881
1569
4150
2619
5401
2230
279
5505
3401
6130
4149
2439
5566
7338
7492
1880
379
9906
9549
7901
6285
5514
4469
5483
1605
4783
4930
3831
8647
3804
6532
469
113
1964
7934
9947
1982
6552
3303
883
2818
7260
5058
742
648
6944
8319
6548
4501
7283
4747
8788
7298
751
9835
9741
3985
4995
5438
7798
489
5431
2132
1189
1705
4674
5404
6912
5358
6780
7486
2576
9295
8358
8532
6294
9960
6354
1411
3820
6176
5021
6290
8160
9721
2717
3535
3413
929
8085
6349
8500
4353
3526
5320
1690
4359
9456
7877
4094
7801
986
8775
6637
6595
2239
2860
5360
4870
3782
6172
6741
5334
2316
8742
4402
5097
1067
1762
293
9869
7600
9846
4270
8183
2310
7706
7111
749
4888
8621
6902
4600
2563
4158
4841
9035
7306
9830
6084
4460
963
4048
4863
600
5592
9037
7297
9716
3399
3203
2458
5781
6809
6272
9658
4888
8472
7102
5288
5868
5197
7312
1996
3465
6367
4217
4591
7021
9172
3381
813
5537
6385
6091
8885
2350
4313
1215
5100
6979
8101
181
191
4793
714
9613
2748
9440
2781
6072
2432
3579
6817
9981
2974
2614
2022
9217
4995
2560
6776
9217
3849
9043
7719
3283
4831
9953
1132
8075
9630
7832
8356
2457
3485
1348
6271
7956
6482
5656
9024
9550
2226
404
3156
9713
7082
5870
9911
9984
9829
2396
8401
2828
1418
8485
2871
3384
2507
7747
3007
4287
2139
6587
2234
1355
6905
853
6095
1837
1316
6643
6013
961
4583
4051
5844
4706
1732
4000
6690
392
7381
7892
5008
3117
1527
6264
1326
5783
3924
7923
8683
4099
246
8957
3142
3187
9328
4728
6000
9479
408
6283
9033
2072
4034
2891
9228
9336
2081
4491
6284
9275
7081
1129
3197
4166
5289
7046
1282
9615
4444
594
6587
1475
1654
1381
5548
5070
114
9398
1653
4821
6839
3234
5080
6091
4915
2804
2124
3297
608
3162
5492
5565
4537
9879
9414
4063
6672
6016
3390
8075
1692
2501
1461
1638
3504
184
7134
6864
7143
9727
283
1377
9580
8369
5066
5507
6191
7235
8246
6986
8950
4533
8048
6107
6735
957
1634
1488
6079
2016
836
8370
8364
2071
6155
8102
4763
702
8778
7666
1489
7900
4054
116
8097
2630
8880
7060
6802
5105
4723
1855
292
8831
8273
3137
4142
3238
5246
8113
765
5403
3158
3123
5471
791
5651
3916
9790
6969
295
5797
7586
5099
8267
8966
2356
3203
223
8331
1300
3794
4982
5510
9992
4352
8432
6743
9058
2437
6224
8229
8993
7216
6707
2269
6893
4224
720
6794
8274
1778
407
9132
4610
6077
7002
78
3166
8907
2717
5982
2982
5055
5548
4992
5363
6790
1890
326
3910
9981
148
9829
6623
4748
7299
5366
856
9771
5292
4218
3386
7641
7414
5293
957
5264
9430
1042
5331
2739
1874
251
4211
5258
9447
508
1556
157
8696
5409
1430
2118
2731
5712
2585
3312
213
9154
7761
8160
495
8827
3618
7186
9072
5125
2771
7225
6418
3560
5305
6787
4941
4297
1860
2111
438
5780
1786
4451
6245
5823
3877
3872
7141
6271
4282
202
8586
2930
4701
1348
2280
7853
7179
7090
2528
6948
4572
3290
7221
3753
434
9202
8321
868
5075
9181
6181
5782
1410
9697
8496
8870
6347
2689
1452
6323
8223
4003
4838
3707
4635
9627
362
8301
5813
8411
4149
7211
8709
9011
2307
6619
2810
3797
6420
3508
5504
4517
5482
6315
4726
1741
3897
2727
3789
2825
4142
2860
4495
7566
6671
9355
7685
9782
5827
9313
7589
786
5980
6771
6580
4046
7376
3036
2428
1703
8827
4920
8985
8128
4091
3918
4568
7067
1435
964
6159
9680
2497
2922
4784
1684
8607
6229
642
5346
173
6629
3421
3923
1236
1538
2762
6170
5777
977
2063
2600
281
8547
5277
5301
4814
2071
3740
6227
4916
7649
1356
1734
1964
1029
3579
9200
617
4427
8154
4760
1923
2486
5269
2242
9242
4539
5909
728
9690
8034
4612
1433
9052
4006
9026
2542
3025
3185
27
9433
8521
3044
4875
9870
9577
133
7388
8262
6583
7378
7428
690
1429
8626
5285
3005
8976
5369
9716
2151
353
6748
2384
3503
7665
67
7961
5383
6770
8286
2458
2731
4968
8508
9000
8084
8817
895
7645
545
3461
9280
8913
415
4830
9652
2454
6251
9416
2947
9057
9439
6631
390
9061
1296
7625
9685
9107
9031
78
772
8344
5966
9215
7531
3635
3966
2498
4741
7210
3118
3390
189
2454
6769
5564
6035
1352
4398
6173
4389
3214
7844
533
3870
2099
1239
2067
2182
486
87
9968
6167
7909
5087
9021
6098
5861
3566
7653
8668
6382
5985
8093
7598
1042
2623
2537
8942
5118
6813
5298
9643
3692
8642
729
7717
3656
9362
4079
1379
6264
3014
2037
2340
2873
9480
5144
4588
8355
3097
107
7804
5677
3349
6958
3590
5795
1389
7009
1045
2017
1409
5258
9636
2364
1441
5426
1850
4876
4078
1035
6457
3340
6004
8747
9093
7691
7719
3886
741
1963
7736
6652
9657
8534
5286
937
7742
6283
5309
4682
293
7379
3443
9574
4807
9665
3949
2818
7136
6928
5375
6242
6252
2875
2953
6931
8701
8860
3128
840
8665
6467
2059
7328
384
5411
143
5650
6705
9375
7800
6196
294
8145
9837
5619
516
7765
5641
8767
1531
9208
7655
1086
5493
8777
2977
1992
2701
4922
2206
8202
3531
3793
6684
5079
860
7589
5702
8924
5035
7726
3301
6263
1620
9036
7987
7523
8178
2176
2258
1614
7524
2869
1339
6466
9694
8450
7067
6555
1779
5329
6214
9719
1617
228
2033
4622
1514
5922
8608
3426
2643
1442
5561
3464
1901
6743
8361
9148
3700
9695
7791
9314
3725
2457
4627
6052
748
2812
6332
2454
877
1576
2889
5961
9148
4692
2910
2304
3272
4087
43
4768
6878
8481
4361
9633
7020
9788
6008
9035
3567
9586
1370
8264
7562
3733
8657
424
2048
4468
4935
1003
1575
1611
8284
9520
6856
1986
7420
9151
1893
598
9677
3185
7694
1037
9094
1315
7655
6099
8775
3458
5378
1943
9306
274
5646
5046
58
5086
1569
961
6132
5354
3053
1290
3211
491
1682
7549
835
1603
3451
4457
8464
508
9193
3533
3000
2307
795
4251
8143
9705
4062
165
6641
5505
5246
575
1438
55
1987
2445
3742
4212
7192
8571
3039
3261
888
398
5991
1762
6722
6508
483
3372
4639
2381
4328
9512
1986
7741
9037
4616
9928
4220
3884
8332
1513
2352
4589
8264
2894
9709
1721
9563
2797
1413
9224
3929
4250
9784
4649
7376
250
8240
3892
4911
7999
4205
212
5923
2907
3534
3232
163
9714
3937
5302
2629
2146
7477
2943
4802
7676
3910
1007
175
9914
3185
863
1443
3173
7325
8851
4811
2196
4124
3278
5284
6623
4294
2701
5717
9137
1905
2668
5529
7783
5409
680
8766
2478
8313
8219
8217
5251
140
324
5339
6321
2792
4234
6150
394
7486
8783
5815
4220
1053
3594
9484
2842
6150
5334
3385
1010
2555
3166
9176
5697
1752
5921
1620
2940
8104
9521
754
5234
776
525
5372
6652
2196
6124
1093
8445
2155
607
4362
9551
452
6679
3757
5215
6771
1881
590
7737
6257
2189
5389
3666
460
6011
4169
8897
5412
9433
4367
8669
3531
3926
1800
5396
5730
3671
6286
1475
9148
4157
3620
7481
277
6962
7276
8885
2559
5892
9836
8023
2479
5674
2296
4412
7598
8733
3990
260
2107
550
6396
5383
9753
3768
7672
4302
9005
432
9058
9252
7655
3939
8707
9875
571
4738
8147
8886
4827
1772
5401
3489
2642
7951
7635
158
2836
1684
5957
5810
3315
7465
3827
7758
3778
6382
8007
9109
7155
3469
7558
3934
9361
4143
722
7271
3392
448
5352
8888
1437
6934
5022
421
1933
7789
1674
5536
7041
5283
4285
7853
6936
3330
9486
8584
2664
7046
5019
5471
1929
3508
7847
925
9257
5892
9483
5993
4907
6570
9523
4794
309
2684
6025
1857
1059
5786
2153
787
2945
5049
662
3750
5061
9714
234
5117
9310
3237
5007
2880
8223
8556
278
824
8099
6865
9560
