667
588
7180
1806
5327
382
1113
8662
4535
6885
9767
5089
9964
1981
8497
3335
2699
2587
1030
5206
3884
3451
6640
2070
3951
7837
7421
6384
907
4916
5048
2867
2910
2070
9450
9214
7579
8426
9561
1315
8611
605
7530
9892
9970
2230
6795
717
230
1542
9845
5365
4160
3412
527
6442
6197
6007
2015
5006
3783
887
9793
252
973
4852
4174
6662
6073
1408
7160
8189
1786
7267
1556
2202
9966
9757
6302
4999
5063
9291
2847
2472
3013
972
1245
4773
5941
1632
8254
9115
6028
6603
5448
6125
2102
2033
3420
606
5798
2021
7051
5053
2461
7703
8126
102
130
1741
9481
4980
3486
501
2953
7948
5191
2160
7491
7898
4882
922
7195
9232
4115
5024
5198
177
3872
1117
1783
2532
4186
1526
6720
7382
8411
394
7630
5387
5771
1991
2130
6063
3001
1688
3619
317
8533
462
4882
5885
1158
3130
3535
9583
1283
1200
9053
9265
4180
3934
147
4442
4724
5405
3633
4386
106
995
52
8759
556
3765
5331
7241
7257
4919
3846
2152
5415
695
4588
2789
4852
7041
2799
2775
4186
1415
6531
3040
9492
9172
1761
2153
7617
3485
7765
9604
6690
2682
5442
2346
6912
6018
9460
6672
3072
8610
1819
3125
5191
474
6769
1024
200
7610
8024
2157
1332
8772
451
5416
6510
5445
261
1997
8865
5778
3929
7482
5900
4543
7410
3743
9183
3979
7321
5238
1093
5533
1433
2930
5226
8852
771
9811
8522
6090
2749
1507
9270
2555
3924
1840
3892
3677
5439
7010
1993
1468
1249
3677
8447
4050
2077
7583
6932
9509
9824
5464
3278
6960
9661
6312
5931
1280
2207
7618
7813
2454
293
9605
5782
7363
8887
3575
3960
6950
123
2096
262
5423
4552
6279
6453
658
6757
2362
5099
7597
6706
1898
3077
9844
9607
1486
1498
4935
7258
5483
4704
1456
9170
2573
8152
4034
3110
5139
533
9188
5462
2709
7031
1130
9342
2259
7960
1401
4789
9636
7273
9416
9534
2333
1300
6801
4180
2872
9060
4705
1999
3331
4817
8636
922
5674
3756
6671
1173
6976
2601
6308
2697
4877
6131
5493
388
9851
97
1610
3577
9810
9161
1930
3797
9112
1742
6384
6339
8771
550
1624
7238
3727
9251
4237
6601
5026
9224
8873
5213
4685
5448
2835
2026
1049
3330
5020
7751
6788
854
1351
4697
4362
892
3546
8139
8576
9273
9244
4124
5543
4057
2278
7388
312
7574
9904
3947
525
6007
5823
9399
4459
9174
9470
6204
7123
5913
2895
1241
4689
2470
6152
5867
7803
674
1439
1692
4834
2094
9303
1447
3232
7935
5557
4781
3069
9397
6184
6081
946
5524
214
9179
4061
2574
5400
6958
113
8327
1474
4721
6187
3277
5605
133
3914
4320
6639
4894
6313
4126
572
6244
1890
9430
2307
6334
1892
9784
2672
156
2388
5376
142
3494
142
1489
6771
3622
5685
7261
4975
6749
1508
8151
6733
4856
7363
3819
2118
1064
1334
2280
5919
964
310
9329
9408
7547
1084
3108
8900
1299
6381
6657
2573
7435
2359
646
232
1605
6341
3308
7878
2283
4631
3339
156
263
386
9034
8889
3042
2323
3767
3032
3682
5204
1118
9384
8928
3443
2083
6494
9572
9915
3700
3258
6800
2849
5325
4147
3921
9951
2399
9038
8039
5868
3611
8405
358
6504
1881
9528
1070
7223
8716
2826
7030
7370
9409
8697
2174
9426
5873
9154
3618
9270
1263
8479
6970
9812
877
4390
9600
2437
3988
993
5029
2750
6310
7542
8252
6087
3249
7407
2220
4434
3282
141
5338
6465
8859
8403
6699
2558
3564
9199
2603
4847
9925
9972
7807
2382
775
5447
9345
5984
9349
4678
4569
5376
4971
2983
337
1114
4787
2701
8900
2972
4247
9909
7998
9039
2604
468
2460
7441
2629
9689
4122
4767
3954
4574
2454
5779
5230
1035
2230
1969
5284
6782
1778
9250
2465
2199
3318
7990
3416
5972
2257
8246
988
2461
575
3342
6372
9267
852
9218
4836
18
2829
2498
1685
