8286
1587
8613
5587
9618
1122
4977
6897
8585
9771
8360
4619
3214
845
5812
1665
6748
6650
1902
3088
9485
8936
782
4534
3371
4203
5634
6142
9640
6672
7389
7903
644
2171
6206
593
5060
1108
3151
2443
1350
4240
3217
3221
5998
7357
895
3233
400
9367
147
4632
9653
4356
816
3792
804
8605
4590
6820
4487
2544
2367
1195
4996
6440
1256
1881
4810
7698
873
9820
3141
6158
4239
6229
7210
2369
2183
7759
2998
542
8013
9012
5353
107
257
9849
4620
4852
2929
6159
1894
1795
380
941
6220
2782
7575
6471
5097
187
916
1605
3135
9770
5052
9022
2249
9943
5364
9041
6928
9817
9673
8998
7646
5163
3212
3756
4522
3288
6439
3794
6241
7739
3981
9888
4591
9318
2874
2843
5083
4298
4009
285
255
1032
2945
6058
2178
7693
8287
4939
9370
4459
9507
2785
1519
5949
7523
2032
1026
3714
372
3734
8614
723
676
6458
194
2745
9111
3977
494
492
8408
9328
3273
202
9401
8316
7317
8253
750
4273
1189
1291
3409
1303
3831
9659
4881
1231
6011
9055
5412
5086
9155
6078
1924
6243
1524
5485
1200
3113
2109
894
9024
2187
9023
4953
1321
4752
2626
2874
5450
2064
421
763
6419
6427
2426
1103
4048
4638
2334
1007
3518
4685
8374
7991
384
9239
2554
5659
8961
6204
6834
4393
8672
1709
3216
1947
6045
110
1518
8059
738
4483
3625
8396
2864
6016
6785
743
7772
7785
7552
1170
7493
2937
2799
3039
6772
7745
1728
3468
453
7950
4688
5862
390
9728
7767
8578
6365
5041
8796
4844
4153
3233
8979
6036
1919
2674
3891
1699
4689
8974
3753
322
8258
6315
5298
2263
1908
2926
6949
6553
5901
2393
4591
7673
1180
1869
5971
5777
4300
4126
4470
7901
969
7409
5561
9348
7144
1015
5020
3257
8356
6562
2404
8809
9441
1138
4338
2552
4397
8071
9011
7957
1820
8936
1374
9804
9872
3639
9932
2941
2911
7559
6146
4686
1933
6409
8957
2166
4568
1603
8528
2083
9895
4174
7962
6897
6213
9845
4337
5272
6523
3017
5173
7993
3310
5158
7870
3555
4705
1106
6238
9437
5700
9552
8183
935
2295
8410
1551
5231
9537
6555
1693
925
8658
9587
9052
3831
5305
4519
2979
5743
1321
3882
9315
6683
5410
6878
3538
1684
9431
4578
2992
7968
9011
8396
3970
5830
3975
5877
1347
109
7862
3454
4646
4326
639
7296
6003
7984
2622
8725
324
4677
154
6027
3492
3167
9979
9033
9890
1440
2411
5634
2612
9122
6711
3634
2263
68
5681
9058
2480
8876
8564
5574
7441
6281
4239
3003
3963
4525
8918
9409
3883
2244
7486
8905
4260
6573
957
4783
8832
4906
249
9575
1096
6991
4264
2080
4759
931
2514
4534
5131
2990
7536
2051
6681
6447
806
9431
816
4839
2783
850
6442
2851
4248
4573
3459
622
8214
8291
4975
4424
7798
4526
6068
829
9956
4963
7250
9270
1911
6035
9284
2460
3941
4317
9364
1224
1153
4635
5664
2605
9168
5805
2670
3349
3733
5245
637
3369
1952
2980
9945
5142
3206
4226
9194
6144
4275
7107
6999
2309
3300
1274
7803
2327
4822
5957
5493
1300
4429
8888
8810
7995
9230
9380
8841
5961
6931
4703
199
2660
3862
6643
3268
1947
2936
8891
8903
204
8574
7434
1493
5828
6399
8450
1307
5032
8007
9150
2849
4216
1303
6124
1275
3361
8676
5009
7279
9632
3
5604
632
1702
3994
5379
6884
6930
4277
4542
968
6413
1614
7817
7697
5668
2598
8465
8849
3114
6095
6787
1969
5107
3961
7339
4130
917
6165
1597
2276
3450
7580
4419
8012
5344
4258
2722
1317
6773
6789
4220
9223
848
5201
7688
1402
3589
3272
2778
1400
4167
7356
3255
1764
171
1114
9241
2033
8075
1587
5125
9224
5229
740
1353
5776
9123
4152
2142
8567
6730
6124
9277
3452
1044
1367
5983
8291
8914
9540
9521
6297
1675
7573
8067
3344
3749
604
3036
9008
5786
5033
9855
9099
476
5413
2779
2158
4995
2160
5206
3770
280
2942
5258
8024
2746
7278
5818
5039
8611
6562
1100
3790
1740
6939
5043
5481
1132
5464
6826
7968
3631
9307
2557
6313
835
1362
7518
2160
6560
4273
8618
9434
5603
4425
8137
33
2694
2518
2891
6265
2980
6629
5356
5070
3219
4665
4741
3612
8712
3033
5073
9927
7832
6750
6751
5582
6203
9604
9294
730
4065
5397
1400
8549
2352
4419
9024
9578
1996
3284
8308
4596
4356
6189
8239
1257
3332
4591
8452
1684
4321
3682
9776
1105
5959
3455
6650
7059
6100
3747
1221
4373
4877
1869
6059
4719
2117
9187
3358
6880
3092
8132
79
1044
7309
8114
3150
9166
2177
3483
8416
1217
2593
4611
415
6896
7514
8435
9648
9785
8316
1676
1011
592
4623
4037
2942
2056
7130
2770
1440
3908
7799
3101
1271
687
8288
7409
7368
1328
1182
9074
7541
2740
6375
4744
1544
6885
9956
6733
9705
8249
2471
1423
9488
9735
1259
2487
9046
7941
9949
6221
9771
5736
5180
5464
1154
8130
9279
7950
5201
7205
5420
8368
7673
8917
1415
7892
5518
2622
3569
9241
1680
902
6830
4673
5930
8415
6039
3634
1491
6007
6308
1538
5540
9421
5731
323
3398
3625
4623
3152
5199
7591
6907
8065
2473
1104
4185
2331
2240
1950
3695
7880
5481
8662
8219
1462
722
9968
5849
2
1903
6649
2845
5694
486
3236
6941
2087
6997
7262
9494
8146
6419
9371
5328
7657
3376
6472
4272
6802
2415
5155
1519
5319
6464
8870
2442
6813
3680
1331
7138
180
4796
3960
2748
8994
2259
9797
2519
2347
9789
1732
668
5153
6602
726
8166
1191
5152
4817
661
5345
8524
6432
486
8860
7663
3312
6561
2275
2742
6458
3566
6541
4746
6472
7426
3605
3361
1680
9971
5095
4952
2435
9952
4769
6095
7782
5503
1246
8817
462
9737
968
1881
9062
6906
3547
932
3608
9863
4761
2118
8559
7266
3229
9612
1969
2567
746
8047
5867
6210
3900
1635
9260
3673
419
548
1275
6317
2967
8607
5312
6652
3193
1197
9261
8792
4298
4880
7967
1247
9852
3984
7875
7504
6893
7216
292
369
7031
1866
3912
9734
6855
8569
8381
8502
5542
6380
5035
8011
2085
4840
8878
8886
9417
4668
9667
2611
9493
3334
7394
7730
2861
838
1888
1933
1215
4146
6326
7233
1004
8566
6689
5477
4312
2702
1302
2465
9333
7555
4576
3201
3542
4196
3545
4890
9959
889
5527
1899
521
4922
8210
3867
8331
6589
6804
7782
9564
661
9541
3511
988
4706
4052
857
8111
2540
7001
9843
9469
6398
215
3118
1050
909
7914
4654
5519
3040
9348
6295
1002
9566
2001
9363
8444
98
2214
9566
7615
7600
1715
2576
6796
5138
8240
6100
585
3734
308
3683
8614
7498
7334
5748
9130
6335
1114
1091
387
7057
9006
4846
4777
1639
2821
9957
1557
3117
5383
7204
8062
1517
4117
3760
2048
2720
3502
1327
7406
2711
6693
2415
527
8897
4557
3936
2202
1351
3562
5727
2282
6501
4960
9161
9537
6009
4788
9133
9640
4719
7359
3215
8504
2602
9664
2016
1018
6053
7348
7305
2296
5648
3890
3738
3675
7755
4047
3067
9518
2076
4527
8066
6202
6065
5082
2851
2212
714
1309
7232
7675
4511
8956
914
4346
1147
150
4858
3557
3115
1551
2150
7611
1633
7866
4921
4341
2447
4125
6031
1328
6816
9506
9100
3358
1368
7930
9349
1783
3916
1615
735
3115
917
5125
243
5128
3510
6655
5611
3629
5288
2307
407
4988
5807
2738
930
7151
69
808
8451
3486
1866
444
144
278
5106
1610
1863
1087
6247
6533
2879
6137
3426
1694
5825
1648
7518
5941
514
4169
6862
5943
9450
6415
1470
7866
5235
9669
3679
2819
1955
13
8659
60
2622
8170
4450
6233
695
1297
4017
430
7162
7809
8660
2887
5841
5055
2053
9371
1600
8150
2442
7309
8650
6809
1224
9376
7436
8787
1255
6779
497
2524
6148
4097
7422
523
3781
2510
3102
9195
5208
4823
572
2465
8108
7244
6846
5346
3152
1687
6972
9135
4581
8199
5237
3501
2468
2331
6965
4978
6530
2006
1711
2535
9337
1548
8910
8978
784
3079
8754
1078
9716
7887
8439
207
5470
5181
930
928
9465
7817
7033
2103
6529
1016
9479
3826
8598
4542
8202
9609
6653
470
6382
2136
6545
3729
2607
2728
3673
3757
9101
3125
3247
6166
8645
439
8678
7824
8399
3884
7606
5134
3272
5196
1180
1894
6488
8222
1242
3377
8689
2512
8163
626
5569
1786
5525
1022
233
4998
2227
1041
5791
154
5537
2262
8771
5730
65
1665
5837
153
390
8725
8323
1037
6385
4638
3122
6217
4993
7329
555
4812
3963
7457
221
9129
9180
8511
4112
6133
7269
6897
7745
1607
9796
4509
2902
2035
8147
9328
5657
9062
9567
8110
6513
636
4792
3425
3360
4201
3449
5336
5191
3153
9285
4515
8233
8410
6967
4411
688
34
4937
701
9316
7357
8203
8137
5853
3163
6197
4345
7900
1510
5101
4874
6473
757
3903
1211
1649
4314
1990
6862
6105
1899
8846
8995
1165
9581
7417
6433
4005
5519
519
364
8177
3481
7970
7136
9777
7584
1876
7074
9523
3961
1207
4098
326
7776
6247
3241
5466
3367
5926
8521
9938
5030
7937
1098
8009
6593
8086
3943
8233
9779
5830
2609
8524
9324
3305
8260
8438
4896
8436
1649
72
4682
8411
6778
2317
8110
5816
9040
9168
9106
3106
2376
1982
9415
9443
8565
9086
4057
9018
1843
3369
5297
3498
1664
489
8112
9120
3797
1111
7377
6666
6581
5448
4106
1588
3235
4531
5543
2055
1425
357
5370
3769
5224
7660
9236
2746
6923
5392
945
1511
5515
9236
6861
6505
3445
6040
1677
4910
2561
3560
8638
6271
9760
3920
9570
9384
6556
4672
9804
6332
7248
9670
5561
6617
7303
6664
4436
371
7348
4635
1925
1989
5159
1028
1226
6555
6263
1227
2329
4028
985
984
3940
3822
33
8073
2860
2181
2195
1942
6232
7224
4729
3879
92
747
237
2711
9448
4555
4838
4642
7772
92
9676
8108
9220
6648
8075
3955
9196
5795
2123
5938
5526
7627
7934
3782
6220
84
4057
8707
2419
1037
1049
5130
5006
5370
5870
807
2969
6870
4487
9633
6971
4404
543
4145
8354
3966
2807
5102
7706
4474
3742
4579
8220
616
5512
2128
7084
1396
630
8473
8802
9043
6855
1234
3397
2132
451
4862
4102
1807
2725
8399
4047
4377
1092
109
2053
1589
3154
1642
1390
6343
2160
7392
116
8264
7562
6761
1156
293
1596
3133
7282
3593
9962
4800
2772
1380
8911
9674
94
7990
8683
6159
927
5304
141
2997
4399
669
673
319
6363
1870
9058
6952
5803
7184
8
7442
1798
5420
8451
1816
1090
4185
3787
8077
3815
8071
7586
4514
78
4565
8570
5927
6053
1549
1241
357
1716
8392
3311
1230
7239
4776
4177
3500
2751
8595
5438
4171
5320
9607
1277
5613
3932
4534
2880
562
9595
7133
3369
4418
214
6519
1558
5838
6369
7885
252
2283
2509
8210
6545
2284
4478
109
11
8343
6441
1795
6590
7519
2082
2775
5723
9220
1835
5929
3007
75
1936
7857
5360
5145
8511
3687
3676
6719
7224
2836
6411
7171
6470
7152
7959
319
9565
8841
9237
1982
7785
4616
7311
4694
8543
3977
8247
7924
6530
9140
8601
2334
983
3076
2976
62
2429
1350
211
3090
8765
3172
2133
1958
2603
1392
9223
204
9529
3110
2054
1660
7133
8799
957
129
4077
4446
6335
218
8777
8432
7321
2490
1391
7024
7575
164
4716
3718
9282
1839
8284
9117
3273
6511
5671
1388
5162
3697
916
6749
959
5234
442
24
5923
3033
1119
2679
9514
4490
7086
479
7213
2263
621
3898
8913
6853
7865
2141
2500
2686
4809
1375
7902
929
7154
7246
5886
7977
9872
3383
4060
6265
3854
4737
5215
7619
4513
447
1132
5850
8373
1141
8007
9258
9345
3776
1703
2127
8113
5650
1380
8381
15
4945
2875
5901
9399
4879
9255
1107
3787
6336
8455
7617
7364
6105
3489
132
3692
7778
4762
5106
8654
3375
634
803
2560
6437
9941
4080
3963
9208
8120
7284
636
8062
858
2662
3417
4263
7395
5587
624
3231
4238
4526
1366
3700
2493
6377
3547
704
6565
1647
9711
5072
1181
3535
9494
8252
126
3159
3723
1306
2403
2635
4201
8489
8575
1956
580
7181
9603
8739
1580
2854
2933
2775
6937
170
2831
5485
9651
8475
5664
9335
3526
9714
9903
8484
30
1065
8906
1450
3859
9241
6540
6665
5141
2296
7198
8466
6598
5279
5888
7564
3525
6855
8728
1425
8643
5207
2537
5357
4000
1006
6948
7127
2313
8815
3126
291
4287
4278
3008
2595
2166
5356
907
1407
4518
3929
5870
5828
1976
9660
7787
6510
8275
797
622
7512
8703
5605
2977
8227
393
5689
3557
9603
8950
6486
2798
1477
5969
9964
960
4335
3854
2063
5496
2491
3696
9777
248
4206
7090
6695
7560
724
2502
1510
9821
2116
3389
7843
1210
9285
600
5530
6280
9407
1833
7361
4975
4118
4232
2141
3125
1804
2998
7297
953
4249
2157
7254
6852
530
1987
4644
5256
4773
10
4317
2386
9084
5102
1373
9962
7246
3259
980
5897
6168
9647
4099
7891
6053
2523
7787
1953
9143
2644
9350
8178
7077
7743
4157
4772
503
6895
4614
4681
2389
7205
2706
6868
5313
6088
6405
8837
732
4278
3223
5328
3643
2498
8664
295
793
8859
9070
5832
5817
9325
6547
5124
9300
7147
7576
5445
5452
1974
3229
6569
5183
714
9157
8656
2176
2834
8216
8095
3857
398
2792
4787
1485
4807
5160
8370
9056
4985
2834
7501
5511
4466
361
8609
2159
705
2512
2716
1838
3217
3803
4469
304
8277
2587
5808
25
347
4482
4546
9336
4465
7473
7421
3969
570
7130
7643
529
8330
4187
1985
5984
1881
4243
1906
8030
4068
2946
6437
285
8300
153
9541
8556
4150
5665
1382
7173
270
1972
3081
7859
9909
962
450
1411
2242
1845
3890
9613
7927
9804
1100
4123
5265
1794
7635
8825
2694
28
7473
3838
3177
2453
6939
9210
7317
9690
2301
1675
8398
2073
7172
5623
2422
2704
6140
9315
2120
1458
5981
3965
2002
6809
296
1440
3209
2080
4476
1612
4294
3950
1592
7865
9418
1097
1815
443
6010
4148
7585
6236
7415
3678
2540
7054
5543
609
7984
4806
1436
4980
4850
5931
6284
4905
4247
8448
13
4809
3205
8231
1567
2061
7845
2731
1024
3209
16
8285
4951
2176
5201
7868
8877
9197
8434
910
7977
923
1398
4615
9360
1466
4808
7174
497
3692
5173
5985
7651
5921
9860
3119
3045
6743
6364
3996
299
8617
2117
8068
1702
9191
1498
2618
8536
9516
1337
9649
3285
4424
8391
1180
4982
5812
5899
5495
7975
4263
2731
2008
6530
2098
4715
1144
9440
5823
6691
2113
9018
4367
8599
7176
7518
8158
5895
3629
4876
6560
3553
7116
2837
200
5769
4471
5277
4787
9974
4543
8775
1581
3523
6070
4711
1259
8558
2184
9038
8201
3938
3844
7064
3338
7686
3132
5651
6525
9408
1887
9343
3849
4970
9099
87
2207
3706
3961
932
287
5739
6175
7449
4098
6573
9032
4548
4577
599
963
7905
4379
9277
3664
2788
4035
138
4884
6373
4181
3418
1560
1193
6754
4504
8139
9387
2099
7745
915
7431
3257
8322
8907
6831
7665
3751
6379
6120
2668
5093
7104
5472
7503
325
7264
5652
2647
7701
3695
2264
6384
7268
6955
8763
4472
6451
675
4783
8028
7389
4777
634
4791
4474
3240
9234
7619
5483
970
6600
3853
6849
6205
9939
3402
7892
8629
5741
1481
3978
4364
2717
3373
580
4684
3956
6238
2438
3710
6671
5663
9435
8990
8471
1247
5722
1945
6776
3007
5568
8227
9427
6649
1031
9622
6775
1658
2231
4828
6147
9049
7907
7004
8332
551
6427
529
101
4269
1378
4464
4217
4838
571
9952
6282
8564
1867
926
3694
515
8189
5855
1782
614
1298
6127
2926
9988
874
5733
6204
4159
8345
5852
6772
1379
6492
2134
2029
3013
9911
3177
6111
3079
5579
5108
7917
5273
5469
3252
2215
6140
6421
8014
17
4405
5119
3570
427
6820
612
576
5426
8070
5556
7956
6053
9273
7205
8199
8339
6218
4773
8946
3384
5157
5257
4511
1070
6487
2976
7618
4621
9910
911
4700
837
5020
4646
915
3731
183
3598
4563
3878
7862
6890
2512
7164
6697
6823
767
2812
5346
1846
9416
4453
4427
7181
6260
9516
5381
7880
4210
7339
7616
5391
5518
2954
8985
6978
6669
5007
4614
6151
845
6443
7083
2105
9587
8444
7950
1986
3174
6714
6651
4963
5008
4830
5125
1248
8641
3350
7770
7505
1298
2736
6573
7698
1115
4656
1206
8956
9542
6047
755
8242
4988
4388
941
4285
3618
6862
8068
3282
1808
2472
8240
5266
7348
5714
8092
6044
1492
4875
1140
3377
1072
891
4475
6337
7001
5228
1712
658
5696
4107
1195
9073
9429
2840
1996
1847
1145
4432
1643
9720
6590
7540
6219
1391
3414
8047
6267
2777
7590
2084
9257
6375
4579
5247
9707
3747
4341
3380
194
7835
555
6565
5902
9186
8659
834
434
5799
7764
5303
8204
8557
5153
7926
5927
1565
9081
2227
8779
9636
8027
5129
5185
6855
2605
266
7653
2198
6711
9029
6492
5925
5252
4410
2728
7388
7714
7070
6268
317
3014
343
1419
9706
7359
9604
9506
4800
6750
9318
2783
8302
711
7415
4605
2136
1199
8027
1460
8788
8561
6002
3667
267
7839
9651
9768
5112
3109
956
5538
2435
4625
9984
5132
2642
97
9748
4680
5446
6252
4507
5469
6442
5005
7305
4433
9787
9265
5094
1388
2173
5557
7463
3614
1755
7583
1286
2921
6568
3215
5455
7972
2266
7140
2702
6980
49
9286
1279
260
5686
8105
595
7440
8636
5659
7250
3657
7018
3892
9401
2406
2228
2986
1933
8995
6036
4273
3160
7940
377
2588
3639
2401
7232
1307
9406
1189
5070
4821
344
3678
7368
5350
7659
3278
8217
5303
4009
7122
4295
6871
9341
3685
4829
8951
6243
7360
3175
3000
795
5421
4538
9306
5152
9254
1703
4665
5834
4283
7496
5716
7278
4765
1817
6422
6905
5040
3040
5671
1259
3012
5645
9789
8312
9395
1622
6522
4521
1236
4740
9091
8567
8556
6599
1056
8879
5963
9826
4108
2926
1358
7026
3536
6391
5925
4142
4228
62
6623
5195
4911
8876
7090
7161
7440
5381
9703
9228
7600
9317
6096
5761
4772
4358
2288
6292
976
9412
1871
4411
8211
297
7874
4385
2351
6337
9196
1607
8602
3222
658
9961
3561
6065
7068
2569
7814
8955
5217
5383
5960
8963
2367
958
207
1193
5677
6412
1831
1351
2091
9247
3815
6705
7366
6307
3970
78
9056
2736
7142
7523
7809
5448
3320
7454
7299
5245
7213
8119
4810
3307
8913
4766
5887
741
4427
8859
2414
9624
6067
6493
583
4694
3439
3755
4165
2620
354
6574
632
3613
8260
8724
2477
8320
6271
935
1548
7014
4865
2968
9517
1028
9613
7745
2718
2734
8451
532
7770
8614
8781
1375
6452
7843
4946
9358
3678
3923
328
9302
305
5137
8847
4632
636
2536
8454
4247
7402
1916
8334
8531
5041
6059
7785
2132
2890
2493
6011
7929
4282
1430
2251
8512
6028
9612
7239
7222
2777
9915
4630
9051
2226
6321
9467
2146
5260
3225
7036
3629
1099
6341
808
5722
7645
1752
7803
9870
3131
2779
3027
5412
9222
2338
2917
8984
7113
7496
1058
1677
7887
939
5809
9891
6945
5415
2895
1793
9079
9410
8043
4308
6233
8032
7032
8464
8461
640
6618
6926
1064
725
1987
4092
4088
7623
1176
6305
8144
6498
3545
9838
1923
751
2691
1138
4886
4008
1372
8166
7933
3416
965
1514
8156
8208
7313
8459
1125
7816
2361
425
9443
1813
3422
9922
307
3993
2178
8020
4643
7017
4002
3890
5135
7030
9676
6829
2583
6305
3238
9691
4356
5760
3470
8531
7330
8446
3919
7717
9831
2259
1364
3076
4324
8720
9079
6658
300
3033
1718
8635
1108
7252
1578
7054
7225
3533
6760
418
7247
4756
3604
4585
3154
5267
6635
4559
9357
5708
2823
7512
9626
3978
9890
3060
7146
451
5748
4331
4970
2639
1985
3312
4374
8073
9793
8816
8814
8080
6885
8114
7257
6547
6466
7668
8823
7618
5486
3379
2449
1279
1583
1177
7599
880
6716
1025
7779
7258
3484
4247
5178
216
7128
9639
213
367
7737
5750
6239
8150
8942
3039
6227
5135
8520
2547
946
1695
1350
3342
682
8728
5613
9446
2269
173
3130
9887
4476
3914
4276
6373
8920
159
8376
8398
8280
444
6837
3654
4708
7705
5535
7097
4320
8847
5208
6192
8167
1121
2757
4844
4906
1040
682
6580
8603
184
1338
2118
791
8295
8423
9694
6841
9239
3534
2248
6899
449
5101
5494
7441
5951
9826
3766
8666
7541
6186
6165
7002
8074
3073
3677
974
3327
5614
445
1331
3737
6582
4248
8934
9334
6994
6951
4152
8786
5686
1937
2328
5996
4270
5089
9574
2052
8825
7240
2780
4990
6344
9820
5223
4864
9575
9847
8982
5595
2867
4582
3661
7948
6348
4306
686
9715
4788
7956
2777
2565
2615
5839
2428
8389
9011
6016
5634
4344
7651
5804
3688
6713
6911
3434
2661
5620
8778
6259
8411
1332
8607
2695
3622
9064
4557
9953
8443
119
498
8367
9468
6957
5108
7932
3515
6858
5549
2629
8633
1731
5441
338
9355
5213
8814
5288
5316
4674
1518
1790
2758
9797
4278
8596
9995
8679
3101
7384
1425
5041
803
287
5814
6922
5753
8224
6439
2902
6397
1582
2932
2935
2984
8229
9258
994
7287
7761
8046
3860
5653
8845
8665
4493
867
9405
6666
3143
8223
9202
438
2937
5326
536
2647
6204
4107
1812
3134
5690
6221
8237
8812
5276
1819
6205
9969
7164
1691
1729
2147
542
5023
2036
9806
4911
8530
8012
7671
1133
2579
4487
7227
5384
320
4842
5348
9155
3457
8187
5679
8933
3598
480
3405
5134
7408
9161
8148
5422
2667
5998
9946
4730
6644
28
3104
5266
5274
7302
6805
8315
2702
654
4400
2975
5727
348
1573
3925
3110
7718
3589
486
2235
2215
1687
5552
2986
5570
3246
3959
5104
6400
4094
4368
617
1451
1899
989
5145
9959
5018
5978
9221
3025
7532
6508
356
4685
199
8371
9852
4698
6203
4568
6092
9523
7002
9916
215
3825
7498
4041
8921
3937
4394
2632
4622
1585
9801
606
7152
2573
3651
4929
3181
8712
3297
8193
5650
349
258
8077
9251
4487
913
5097
285
7951
2239
1246
3677
4081
1577
5066
6026
6499
8315
773
3584
438
3744
6287
5016
4761
7774
7746
774
1546
1527
1939
985
9021
3526
5831
5215
7102
7157
8449
9751
4089
6214
7199
1261
696
9210
9319
4135
8455
3992
3962
5161
5687
6021
8746
7737
8260
4156
7171
2791
3558
6121
7841
6046
8133
1800
4578
3741
1675
8219
7315
2891
2662
3437
1408
2469
1079
1646
8619
5848
5621
7439
6265
5364
2596
7144
2621
2726
5377
5850
1794
1882
1201
1728
2367
8721
651
7467
7005
5941
6226
6476
9834
5474
4707
7214
6087
4133
7878
3041
3829
5525
645
522
6723
9870
7940
6613
5070
5532
5761
4437
1470
7982
9383
5807
8540
6371
1082
6406
7750
4256
5706
5689
6897
4290
8259
1491
9535
7454
5777
1987
3075
2406
6352
2863
6844
7934
3517
3342
7483
3299
434
6384
8630
5996
3607
604
8883
6684
3432
3137
4196
1769
1920
6027
7107
2976
3929
1757
7082
4552
3125
8439
989
1578
1996
7876
4992
3789
6062
418
5116
9477
8643
1443
5900
9087
9131
2829
9876
3994
6428
8196
4276
2379
5525
5831
4799
256
5873
3504
5780
5885
5168
9331
7059
4441
1648
9505
3673
9134
5122
9223
1971
8355
1181
5826
8738
5508
7096
8530
7841
639
7888
394
2325
9240
289
8882
5308
8062
6833
4619
4808
8647
1906
7441
8607
9785
1675
9355
2581
3511
590
5564
1125
4899
2557
900
8223
7223
5571
5257
4688
9192
1469
1874
5792
7431
993
3958
3165
6040
9375
9199
7818
5444
4112
58
1319
7188
2199
1115
5449
6999
7688
9766
2133
1240
9145
240
1431
349
6755
1481
8205
9283
8418
978
2168
1695
6770
1943
9044
1155
1750
7721
8353
3686
8256
6549
3258
4855
1326
5819
3692
9440
1469
3511
3353
9155
9535
7382
7619
5221
8621
2174
9254
306
370
8485
2368
9305
5980
5949
5144
3255
355
4710
2175
4455
595
5017
5133
1209
7633
4541
9074
6500
9761
5228
6720
7834
3442
4031
2727
5396
3603
764
3455
7595
8216
4295
6524
8818
9343
1754
1028
1054
1351
319
8950
9500
31
3799
6355
2577
9041
6053
5179
9686
6896
5160
8472
6107
5063
8790
7215
8600
3026
1484
8114
6076
6786
3425
7308
7759
9769
3389
8131
917
7620
5861
7233
3320
4961
3987
9414
1659
9518
8086
1217
308
489
4058
1713
5104
6555
3254
8797
7231
4872
4211
8601
6059
7979
86
3765
6634
1595
1341
6545
2463
3571
4174
2196
1065
126
6586
8800
9538
7690
6940
1261
528
157
2747
4974
887
4769
1403
9905
3748
6595
5025
1184
231
8283
4239
5085
5122
26
8886
766
6891
5368
5279
2436
5628
5929
3153
4394
232
1254
585
670
6705
9634
6403
9066
1365
844
7503
9466
5740
7414
2344
3714
3534
9108
8247
5871
8364
4957
996
5976
5285
5608
3587
5509
6755
8903
3605
463
5132
8599
6231
7050
4109
1647
550
1692
6068
4445
7577
6572
3780
8266
5721
6090
2029
7340
6146
1720
6053
6118
9565
4772
706
1851
9269
4809
1022
2635
5546
5668
468
3825
2547
695
4919
2401
324
611
7597
9813
8801
6908
8671
134
8798
5382
7622
9897
5152
6293
537
8218
9107
4820
5395
6436
3189
464
5851
4817
5256
4597
9364
8888
5469
9626
6715
1027
287
8820
3883
8037
7013
5053
715
2730
6768
9534
7912
3380
7326
1685
4154
9877
3423
875
2736
8902
9363
4160
9731
7543
4
2510
7002
9083
6783
4200
8528
7389
9594
1382
8034
1884
5225
1427
8153
6286
4128
9251
26
8809
3409
9064
4078
600
1703
5873
8631
548
9616
7673
6420
2507
9236
8171
7354
4560
8608
485
9850
4968
9423
9543
5331
7383
1622
3477
2560
8733
3402
8485
678
775
2490
3285
3601
3514
6925
1779
4239
3946
9329
847
3223
4815
507
6099
3795
9482
298
9420
6796
8436
1298
8072
5684
3335
5510
3996
8383
2826
6797
9496
7927
3472
5091
2473
4562
5994
1418
5971
2245
9639
75
8767
9870
6337
6269
3515
8027
8859
3506
6245
129
8541
8751
7364
6804
2988
1203
4780
4429
233
9070
5407
1158
11
8585
1284
9983
2460
3753
2935
7212
4141
7954
9224
2233
124
3609
7846
1626
5415
329
7792
3133
9178
3849
6870
8383
6217
6936
8587
4236
801
1095
8773
2837
1148
4475
5687
5775
7977
9046
1309
7739
8361
3516
7914
4572
3257
8240
6186
5152
8070
7014
9915
8235
752
2854
8129
3322
4113
2507
4049
4709
5797
2087
7002
9552
6650
4713
4590
9020
2834
3399
3601
2150
7024
2374
6652
1599
3796
5931
481
8641
4987
4703
9164
1063
8674
1323
3853
3332
6925
7877
1337
5124
5050
4166
9498
2548
9095
6803
6750
7052
5419
829
4964
907
2409
3358
1441
7011
7476
1400
2731
4224
2740
8958
8221
2320
1728
7860
557
3398
3224
7795
7082
9171
9089
1571
5748
6794
9256
9131
4177
4865
4147
7109
3874
5274
7857
5184
3768
9955
5948
7146
65
6732
5456
3660
4880
2011
8804
5704
8168
1266
5534
3647
4234
1786
7437
5901
9371
8944
2242
2315
6030
3907
1596
673
1537
4476
189
5968
5496
4144
2964
2297
9134
1423
4527
2967
1677
1767
9860
4855
3614
9204
4078
3471
151
2184
7267
1064
6390
9212
8837
2285
8135
7603
2402
1068
9036
3861
319
7751
9295
67
813
534
8026
2815
4153
4086
3461
1974
664
2608
4455
6551
3603
9861
8822
7841
8946
8938
6212
8633
5731
2363
782
6023
23
2171
7449
3862
3780
9944
3423
6237
69
2989
6654
2401
248
4596
6833
8351
6441
181
6984
5197
8870
2916
8667
8323
1612
4464
9972
4965
504
9812
764
7053
8034
3118
392
8488
3190
1273
6992
2905
7204
6981
2670
8570
3630
3697
9108
235
6411
1557
4187
5923
3309
1045
2832
8902
8288
1205
7402
8314
265
541
9069
2460
6507
6436
1776
3760
2635
7387
3195
4887
5029
2312
7482
3393
4670
8030
3144
819
8307
779
4604
6748
2491
4596
4891
7344
740
9249
8581
5400
4708
7778
4454
1721
5709
3981
5023
1080
756
9602
484
9692
7698
8892
7290
5196
8392
5822
9822
5505
5798
1804
8687
4892
8072
551
1423
3557
2342
8456
2589
9909
6954
4982
1066
8271
4864
5639
3841
4597
9927
1023
3010
2098
2730
8184
2036
6322
1357
580
8008
6252
813
1706
5647
9437
9327
5814
7010
3460
1189
3413
9738
6812
311
5473
2402
6932
7047
1503
5880
3059
8670
4772
8640
2462
4922
5061
4801
9359
8161
6610
327
1597
8138
8654
909
9526
9444
4904
8915
2929
4557
9262
2538
2398
415
7547
7941
6183
864
5109
3855
6824
1884
2359
6701
7599
349
6412
6055
5478
1210
808
4894
9158
8767
4865
5647
4198
6725
2037
4844
7182
4962
4652
8265
2611
6215
2286
4479
1177
7622
5563
9069
4150
7403
8152
9768
9627
1591
6514
360
4220
4110
1942
3765
1480
9612
3167
6032
1543
6972
9967
3197
7682
7824
6473
737
1683
5103
4381
9631
7437
2826
7505
2753
4828
8357
1389
5395
6129
5466
8780
4525
2253
7628
3353
4312
5173
2499
9536
371
8501
1208
8603
727
2707
2177
6854
8838
8363
9256
1804
1049
8643
7529
6111
674
6411
6382
1149
2723
240
8128
2743
2907
7870
103
5350
4067
7598
8671
8367
9628
742
3013
6453
6508
4805
1163
7902
8470
6685
4048
2592
5891
7590
6928
8468
7329
5847
3492
5342
686
71
8599
4034
5564
3435
1551
388
2775
1483
7903
9963
7746
9794
6725
3875
4771
357
5072
5405
5621
8541
1864
1675
2162
296
6316
6364
8886
4470
5116
9288
4446
4844
7798
9038
3339
5933
166
9582
4019
9853
2331
2944
5
6655
2840
623
663
4280
2347
5285
2596
7822
438
3895
7709
7638
6370
8098
9545
1781
6924
5580
3998
3433
5711
2404
1407
3544
4849
3465
9865
2411
2853
9413
926
3235
4614
7871
9770
152
3191
5643
785
9648
8724
8803
4389
4264
7575
4923
2920
4916
2162
5681
7117
2096
6638
7676
476
3972
9598
1657
5980
5971
3317
5881
7926
4280
6161
1095
25
4725
9955
1117
2527
839
9960
7816
9032
1896
3425
540
1047
3870
7610
5072
1337
4702
9921
9090
7972
9331
6753
6199
7334
9334
8229
3941
1678
2625
4230
7433
7650
7278
3246
7961
4951
4173
7366
1394
9301
6330
8091
9098
8740
6750
720
6182
6861
3337
3344
3658
7805
9510
2682
9634
8167
3066
2846
9363
8898
8126
316
2585
3294
6968
4174
293
7661
7750
6916
1323
198
3945
5543
1226
8108
6667
7612
4482
9307
9499
2822
3098
6578
6503
9231
6616
7023
269
3258
8629
7385
6115
1261
8027
7659
7376
4123
5773
1378
9487
8694
2892
8636
4925
9019
8026
6123
6559
4974
202
2687
4355
645
3109
5755
3605
4895
3272
2711
2149
6146
2109
2605
5907
7744
5007
1859
5287
4937
3741
1328
7709
7316
1245
9633
6618
3201
2011
2118
6857
1219
7741
6822
3011
7133
918
1706
2782
6952
52
9252
3089
4168
4276
1008
9573
4693
8776
2866
6018
3509
7951
8393
7353
3620
2002
9150
9351
1978
9798
3896
8783
5268
4346
7907
9724
1474
9016
9456
7072
6553
4616
9018
2902
5138
4253
97
6324
3643
8423
1658
6583
7196
448
6110
3311
8554
1223
7930
5316
4903
6075
9156
5708
276
2835
6122
5410
320
2607
7429
9508
5435
8803
2755
39
6072
57
3897
2270
2466
4719
2359
8351
9322
3327
8294
6544
5678
25
7266
4056
4168
1446
9120
9886
6880
4190
2663
6182
1379
2552
4624
6370
4574
4833
3967
6243
2266
2162
9716
7139
8028
75
9806
7623
3147
2388
845
2226
6153
3148
621
4139
5078
7195
3262
7663
9648
5673
2571
863
360
7134
3936
986
1934
791
1384
8927
431
3674
9326
7306
1825
4101
4679
2937
1023
10000
4822
6761
2601
9264
8507
1953
4197
616
4175
5999
5098
9580
3397
6852
3185
4509
9545
2532
3565
6480
4755
2719
7521
2937
831
4415
4358
2236
5305
2524
8447
5400
5857
658
3598
6574
9948
150
4523
3260
2598
8484
9896
7821
578
1741
6566
6282
7731
9347
9305
1806
1290
6677
6205
9538
9924
4580
4785
5480
1411
7929
3551
8877
3914
3788
9042
297
7876
3161
6705
7690
1590
8056
520
2480
1059
9792
8102
8798
8785
6472
1349
3497
6494
9916
2441
399
398
2798
6847
2341
174
6077
5777
3997
818
4204
8523
8138
3557
2572
9615
743
6840
3368
4790
8357
2986
2037
7593
1303
7855
5814
4864
1427
3109
4027
6101
8609
4714
8623
9284
8807
5007
624
8829
9979
1659
5587
6904
4063
1893
9084
345
8517
164
9840
4997
5479
7187
1969
8857
1579
4529
8550
1987
3339
3625
9143
4838
9708
3779
6098
162
5972
9260
3547
8722
6303
5979
2521
9299
8692
4702
1399
4912
5242
6640
830
7300
2796
2800
975
8609
7232
2491
7132
2907
9010
2701
3061
8490
2153
6044
7543
1104
2028
3737
9851
1845
74
6047
9574
3044
1190
9972
5087
2602
2590
8572
9167
7527
351
9475
8237
9390
3167
5786
8015
2799
1744
6109
6666
8045
555
1684
4857
7597
6198
766
6462
9370
1547
7278
6513
5108
1163
3440
5615
1050
2141
686
3505
5857
5919
9038
8003
52
4316
1209
1878
4316
4709
7605
4171
5126
2218
9711
3561
3523
8513
1017
3115
8959
6520
9297
2113
2980
4801
6958
8163
1317
4760
4090
8134
8697
8466
8772
4440
601
8520
4439
6921
5925
2738
1658
1350
8740
2312
5753
4433
59
8427
8928
1797
5287
9199
6132
4380
8619
8550
2159
7656
9089
9414
647
6641
4216
296
6931
7063
4489
7752
3116
9732
3746
3377
8297
7754
9341
7832
3506
7428
7762
5647
9790
8946
6095
6330
9548
8807
7325
4230
1848
6271
494
6006
9299
7373
6788
5355
1843
4424
2109
6649
1718
7820
9649
3238
672
7382
6831
6197
3936
6969
7669
9130
8811
6959
2235
7539
3709
5650
358
1756
1522
6240
198
6316
3465
7576
8422
3840
1799
6183
6189
4830
9465
7896
6172
221
9161
165
4468
5040
8559
3325
820
1545
9264
1097
3352
7557
7626
1524
9293
5548
4986
7830
5312
7122
8490
4428
4840
8160
2176
1160
6036
9845
2246
2220
9794
3677
8523
3714
2248
5085
3800
5846
633
6150
4343
647
9754
8084
3481
3170
2502
2292
2319
6113
8484
7221
5789
5373
1943
9666
1833
2041
8463
3814
2831
9849
796
1330
213
6863
4508
237
8913
7893
6565
1875
6050
6535
6838
3598
4672
4644
6760
9389
4023
1037
1998
1435
3231
2070
5719
3378
4035
9770
3489
860
5425
540
639
3368
8896
5528
2849
9464
2645
1959
4532
9756
1785
2893
278
5307
5760
4692
5592
2485
2838
5189
4894
7871
9130
2179
3035
6824
3364
5478
534
2111
7188
3404
7116
7353
6529
6953
1755
9872
5132
4838
1329
4437
612
4377
6672
2922
9926
4412
967
2309
2689
3534
1470
7076
665
1415
6979
7363
7831
7715
9178
3737
377
7406
9504
4634
2698
7017
8735
277
1357
1370
9743
360
472
7550
1354
3235
5793
9141
6041
2570
3606
2274
4313
3283
3175
331
8933
1999
356
8737
9425
5271
6891
2779
6215
1667
4921
2307
9494
4422
3425
6954
3982
6638
9431
2262
3161
6092
9359
8849
5925
5194
5860
5144
3900
4051
934
7232
7371
8025
835
8058
3923
7212
6845
5701
1787
1569
5298
3943
993
3437
8879
5556
4234
7560
3097
1990
753
5901
589
4155
3291
9168
3350
1261
8374
6933
7545
8018
7618
3512
8442
6707
6173
2899
9869
4485
4810
2028
2103
4788
7410
9405
1964
481
4268
1767
5036
2384
1086
7949
6193
4644
6685
6107
7246
8532
1639
229
406
2381
9743
8446
4302
676
4436
3592
2993
3587
5312
8636
7962
7440
7342
2540
5410
9279
7043
6595
9201
2884
8384
6073
3457
9700
8863
3755
1020
6217
1859
4853
4895
9917
1985
4997
4027
7272
6018
5258
9489
4908
3039
2826
2690
1492
8314
3775
4502
6231
8962
903
1948
3696
7343
4487
2362
6005
8989
4317
7328
7025
8979
5413
6
6276
6599
5450
419
1979
1854
7162
8532
8468
1822
8617
5196
7507
1923
8690
7051
6956
4320
9822
5271
5793
2800
325
7528
2194
3997
5547
4133
6676
1953
1237
3907
188
7700
3169
5168
7318
1540
1081
7000
8342
6588
6709
4161
577
8179
2118
6862
2915
2521
7035
1262
8906
3381
5550
5966
5756
8470
6657
3093
5936
4126
7091
5009
9921
1910
6165
3686
9302
4161
2130
3038
1224
6787
9401
7330
6703
6898
1000
7663
9329
4454
3613
4073
753
3312
1697
6723
3186
47
7696
6121
4395
1218
2993
4910
710
8353
1965
3442
5872
3505
626
827
7213
6788
7130
4190
6432
6257
2067
621
831
3086
3418
705
7785
2389
8285
3712
5844
83
2643
7838
1079
1017
6988
7217
1602
1020
2658
5391
3617
4769
4236
2697
8016
1400
8306
8038
828
2216
1970
9863
7966
5252
4464
6254
8576
1525
4316
1826
79
3415
7609
3161
1240
8158
1114
5276
2079
6767
7193
8206
9112
6018
7248
8247
861
1575
580
6749
3466
8063
8303
5571
215
8250
577
1502
4734
6443
9346
80
3645
4535
7119
613
6030
7032
8551
4232
5669
962
5620
9318
6908
124
6346
5170
6961
3221
1203
4355
7987
3590
7636
1194
7855
9257
8820
1408
9809
4923
5065
1923
1902
8706
4478
4999
723
4609
4831
3288
1205
8921
8666
3233
5141
1455
6247
3590
6758
5089
1013
9083
3986
9175
3011
4884
6897
6324
3796
9226
4040
8667
9973
8197
8165
9820
3016
3259
2393
9354
1167
8405
9586
3087
1800
8060
2218
9296
3677
4539
7201
7546
1713
4454
4548
5544
1339
5766
8107
7636
2914
3723
3397
8663
6338
1460
7437
2324
882
1945
7050
7879
9504
6309
6917
6987
2961
1294
1188
3170
7541
5047
4080
1391
6
6220
2810
3792
6297
6635
1165
7114
3425
9429
9910
1758
8275
9023
9601
1215
6360
3556
2127
9309
4139
2063
7840
6302
3798
5428
664
1353
6708
5818
8561
8556
6254
3963
2271
816
9846
9238
6936
2532
8803
2644
2752
921
8002
9620
2205
3898
3836
2337
7544
2187
5822
2048
2204
1573
4026
4515
3776
1769
4812
9053
4722
7478
1526
6279
9978
5031
8810
9421
4833
4090
4615
8876
6345
2459
2125
3714
6053
4773
6045
6252
507
1740
1408
3055
2874
5614
1373
1188
3230
522
3391
626
636
7530
4083
4877
6061
1735
7129
6108
9819
5009
8032
5124
9276
6447
5599
4689
9206
4786
7449
8888
8656
4332
8000
8613
8886
7085
5986
6369
1736
9702
4244
111
3913
4880
5461
1140
7926
7214
3276
1037
6067
4334
3349
1552
8356
3217
335
7474
74
9342
729
7502
5045
1454
1533
8432
2612
6956
1567
4651
965
3806
2966
5079
7220
5273
4479
6763
3650
11
1134
5444
7805
8021
3674
412
3120
4251
9099
3601
1796
136
879
8277
5469
5025
2736
6695
2774
3907
6330
4869
8338
9397
3655
4447
8977
37
6340
1211
795
9560
3878
6057
4601
4516
8995
7081
5387
1954
6059
6787
7575
1125
6463
8821
9364
4264
8872
7373
715
1256
6721
4675
4071
9635
9394
4307
9389
6407
1601
3435
1492
5590
974
2476
2336
4649
1060
7073
3134
7064
6965
1044
9915
2412
678
122
1836
6982
7103
7569
8497
5103
3216
4706
4015
7419
9252
3552
9303
5984
5879
8243
5304
9694
7305
2329
8029
1495
6092
989
9306
2377
3561
2026
2080
5268
9204
817
6853
3294
3361
6118
8222
4947
5193
2156
6487
6712
8719
5719
1797
5170
7547
8927
5546
1669
4736
264
1124
7307
6806
1833
7409
4650
8047
2320
44
6413
2718
8887
2976
4672
5199
3438
51
9510
3049
2509
4386
7874
8157
6580
9840
3796
1761
8009
3603
9411
2576
6685
3706
9403
4273
9484
2057
1076
6775
5477
2798
2842
1152
4504
9300
854
8969
8349
3146
2118
5245
4779
9965
9097
7827
3211
8055
704
5783
8733
8498
3086
2946
7336
9583
3093
9948
6437
5257
545
7309
7154
1570
8255
2803
1954
315
3586
2118
7017
6133
8656
5128
4202
4794
6585
3056
2574
6462
6438
8111
603
769
1228
4575
5068
4056
6361
6660
5727
9700
6271
8230
173
9789
3338
6103
7279
7656
712
7168
5923
5567
2059
8310
1657
7225
4184
8114
5721
6284
234
308
3985
3184
3857
2869
7448
5550
9470
4842
84
5874
1860
4186
2337
6559
9270
1991
1308
1225
4321
6957
5930
9952
7933
8767
2425
9476
4693
3652
7665
2447
9869
8563
7901
9277
1421
3461
8928
9354
546
7905
61
4172
6296
2614
2516
214
676
6164
8644
7601
1786
9860
3116
8372
5438
5485
614
3458
3903
3857
7470
8005
3396
6301
5306
8278
5753
6256
3319
9060
9366
2114
8695
9971
156
4497
2518
3229
2237
7244
1432
3282
9525
2855
6790
9647
7631
7214
3468
6452
4038
3236
53
2215
8164
1980
4581
1128
652
3209
8420
1676
3642
9279
1866
3667
4639
2061
473
11
629
121
7347
9162
6237
2569
6172
1822
2124
4779
8927
9848
7772
402
7645
181
2254
112
8648
3559
2236
256
4756
2742
6057
7875
7695
9234
3006
5833
5450
9237
8137
8169
3080
593
1710
6318
8904
9639
9352
5141
4018
6262
8308
4428
2468
6678
9994
504
6511
7795
9309
5957
2313
1982
973
8973
6024
6104
1929
2117
4440
5888
1597
1229
6083
843
7462
1959
1773
3611
2205
4933
6368
99
2764
7689
9144
5892
3798
6767
1255
6407
3755
7219
141
4317
5463
4655
8518
5070
1292
6716
450
8191
1572
9476
372
2553
738
1278
8712
3818
138
395
6677
3505
9630
2040
1165
7301
2000
3216
1150
4234
5558
4920
8084
6623
6190
2080
544
9063
8515
4351
7995
4677
5387
7378
3834
6531
6878
2127
9298
4665
4492
8192
6945
9505
7962
4016
5402
8136
1332
248
9295
3068
3010
6557
1734
1447
4489
6048
4712
6785
6728
4438
6405
230
7023
6382
8688
1818
8584
6588
7032
5092
5818
7683
6594
8163
290
7699
9385
6192
2991
5915
9663
2894
957
8028
6068
7642
6756
2184
9402
1401
8398
6276
6086
4828
8377
822
4782
8899
7323
2807
2347
1975
2666
6619
3648
147
459
7895
4459
1405
5067
9643
1196
5054
9387
3130
1623
1919
3694
7487
7704
1894
4607
6238
247
257
7438
1828
9659
6860
9959
7916
6520
4748
5411
575
3204
4890
5724
9268
704
7720
304
5543
6625
6064
3639
5994
8798
4641
8034
1095
9787
4481
4031
8386
5844
216
1986
712
9093
6062
5240
6589
9761
5961
6766
3831
3640
573
3643
6316
5376
5451
3195
7555
6531
377
3676
4147
1505
2972
9484
7818
6995
7206
7826
6826
7423
2178
7703
125
6797
4204
9101
4039
7471
2229
8985
660
4
9564
8985
6657
714
957
9120
4261
7911
2809
8707
3517
9268
2370
2193
9063
9061
2389
5412
9405
6312
9934
8135
363
1226
9676
4249
5117
1438
48
5017
4950
9580
1473
8318
1286
1003
3708
7402
8663
8228
9764
1051
4341
6300
1228
1344
933
2366
511
5773
5605
3515
395
1032
5296
8134
8856
5828
1091
9138
1213
7744
6932
3898
4045
909
9832
6237
413
2547
4706
458
7677
7894
8745
5690
2964
9127
2997
591
8326
2072
9066
5568
3070
1665
5746
8817
6743
6390
4782
1693
5725
1606
5532
5521
7108
824
1843
9482
2299
427
2895
2610
2959
5549
7448
2195
1842
2357
2913
5110
9469
4016
5033
2784
5087
8646
5606
7835
3542
7495
8953
2591
2591
5955
7090
7157
129
9135
1365
1021
9127
2067
8949
5652
7750
2561
7824
2885
5260
5108
1364
330
1096
7722
7826
1816
6866
9897
3403
56
9779
1927
7772
2944
6602
1358
6630
9985
3677
8777
387
2372
3277
6840
6116
4743
6263
8003
3512
7485
641
7418
4367
9045
870
5370
5333
6263
7144
251
862
5762
6748
6058
2434
724
969
6781
1355
210
7883
9519
3589
4624
4088
2060
3246
3621
2732
8661
5587
967
7619
6929
8479
3605
5386
408
592
1839
7789
5680
8054
175
1945
1917
2073
7003
6624
3294
9378
3659
7793
6158
106
6510
5640
154
9701
8742
8663
2266
3921
2209
481
6149
2631
9464
2727
3569
5377
2079
776
3142
966
1408
335
8072
4688
5506
3511
9813
6047
8429
5588
1680
6914
5131
5510
8097
1588
5940
3268
8277
8216
4152
249
8619
1222
7167
1649
7599
4346
708
499
3419
4235
395
1362
4445
645
8695
4396
1311
8643
959
8612
4833
1088
5645
4797
8514
9952
967
6366
631
1216
4415
3997
2926
7891
8244
2201
5503
8932
4914
1147
129
9191
9419
5276
5944
6369
3259
6580
142
9291
1502
9212
6091
6348
9858
2622
418
3006
5466
1121
248
4671
4362
3815
6486
4851
4826
9151
2323
8413
6235
4159
8043
7049
7587
6354
8723
8423
7798
592
2214
125
2214
7019
2174
5452
2266
3361
3481
2986
9452
2603
8866
9942
3264
8474
8442
5162
8349
3414
2856
6751
5354
4686
9123
3077
5167
5132
4691
653
9450
5094
3734
8001
7607
5831
552
7313
2284
4016
3005
9046
4480
3231
699
4228
5719
1902
2184
5041
328
3123
8788
4948
8997
4493
3743
1368
9447
8240
9582
7598
3941
4003
4985
9800
870
6804
993
443
2577
7245
6588
6230
8825
7075
178
2257
8144
6081
4320
566
1596
5273
6869
7299
7956
1066
2647
6187
5954
8431
5520
4530
2768
7040
5534
2568
3217
5471
1920
1554
3114
4441
4529
7026
3846
2743
2987
1423
8114
3214
6818
5946
7185
5278
315
9270
681
1864
2089
4325
3137
2222
70
4612
1263
9098
826
6839
1505
3103
7808
3887
120
1203
6707
7631
1517
6438
641
3113
1504
934
6936
2377
4961
138
8915
9118
6838
5042
99
1798
7311
3022
4819
9760
1574
5605
2544
4403
7051
5678
538
7658
6464
1347
6488
5042
2321
5480
7729
4918
4295
9895
9178
1925
7115
7
1463
5727
8531
4131
9977
1759
7616
7815
735
1871
710
9731
7294
7872
361
9920
4432
1130
2528
2942
9644
768
9071
3454
8654
7166
437
4418
2462
7544
2846
9754
4457
6708
7295
980
5312
2039
6287
637
5129
8971
6914
2075
1055
8285
7048
8328
1167
4031
6955
9392
6139
9460
6970
8239
9039
7436
7270
4247
6272
4196
6440
3887
7495
4203
2390
9868
8846
4000
5076
5349
4771
2422
1572
456
7795
3670
2690
1945
7481
3290
2649
8415
4169
1115
3483
7902
4876
8128
516
25
4066
3908
1994
5108
2869
4472
4978
9925
3937
1864
6092
3946
3755
6307
1260
6542
4174
3888
1084
8614
600
9240
5149
1626
507
3966
9181
4259
611
9058
686
1005
2152
925
6448
2007
6366
5654
6510
2283
7823
3785
7477
4213
2435
669
2440
4042
1716
2182
7261
4466
9704
6207
4720
4864
4282
1822
217
751
2756
21
2096
586
9774
6703
4874
648
1873
1382
6151
3067
7794
8086
5091
7387
9279
2868
1978
2847
9788
3952
8301
440
1865
4045
9560
4807
3928
783
452
6802
3747
2311
8534
8483
4332
4856
3766
4702
8282
4085
7976
3511
9168
7562
7529
9965
6414
6809
7104
227
6920
1186
528
4897
5363
491
796
9160
5149
4227
5577
7457
2820
6467
6476
8883
2903
4919
615
9
3198
2886
5943
4926
1750
7262
9370
5768
5631
6039
7828
8184
893
7701
247
9786
2814
1599
6658
6256
6810
4210
5049
1686
9088
8074
2775
4868
2462
7840
8607
3068
5047
9786
1849
7991
4712
729
8321
1265
1674
5219
3331
6341
4163
2756
1443
6250
9929
5857
5690
8760
4391
496
4272
7797
7872
7249
7833
3467
2430
9474
3380
931
3809
9920
2900
6593
952
7240
5143
7042
8725
1860
1566
6183
8225
8360
8732
3460
993
4276
1507
1187
4220
6811
6503
9431
5180
2205
8895
6782
5416
4531
7545
5737
1166
1252
3070
3709
1387
221
436
6098
9717
4242
6508
1065
6866
9256
6126
6088
3707
5449
8771
7254
541
6326
513
4584
741
8760
7699
8893
2736
5540
3142
3393
9913
6036
9413
4326
7088
7944
5269
2747
1124
5379
8451
7166
1812
8940
8982
6925
3537
3226
3285
7854
4201
9453
3362
177
2909
2464
5547
4552
2837
8081
1164
2688
983
3269
6513
2900
4699
1066
1118
7071
1380
3978
458
9735
3965
4031
2887
6430
5851
1389
8333
1888
3523
8606
3525
7728
789
9350
871
1302
2586
291
3690
9103
9706
9604
7607
9997
4997
2239
4114
3736
4327
581
8089
4900
3572
2114
6970
7357
1156
1402
3854
7637
5904
38
7243
1216
2263
1533
8300
6239
7718
2663
4765
7724
6826
6511
3837
8492
8150
5747
5462
901
7855
5045
5925
2846
7821
9668
3964
4343
4582
3795
7679
4059
3451
9619
5218
6617
7910
3536
3383
9962
6754
3185
4732
3762
4
6508
6328
5409
1971
4673
1425
5218
4099
7585
554
8993
3322
1033
8390
7146
9981
1798
