1286
254
997
9684
6641
8985
1449
6047
133
9417
1070
2160
7311
2625
1915
1359
4113
2802
1567
8941
1565
9132
775
7977
6369
7071
5915
675
9938
495
645
7492
2845
4723
6639
9526
9479
1148
2800
2809
4255
1488
2334
7266
8679
4079
2833
4100
4108
5739
6267
9381
5511
44
2564
7489
226
7348
8999
7161
3080
1363
1538
5669
522
3481
1394
341
6467
5727
4392
7518
346
9146
1398
2387
5854
2518
158
4982
4131
5136
9747
8575
9774
5105
8607
215
9327
3694
8365
2790
6568
835
9019
776
3932
334
4809
6211
3749
8585
3667
3568
8720
1506
8524
1326
2946
4580
6622
6665
1664
4273
769
8618
6864
915
2010
1095
2601
314
4363
5900
8252
1416
6958
534
6277
9461
1718
8193
5460
380
727
2411
7445
4152
4353
3533
8297
6117
3609
937
4435
5649
8879
7767
6762
3581
8640
8140
1968
6732
2734
7393
6646
9718
2633
3498
2174
4879
3298
6297
7314
7637
8078
8561
5618
9594
2359
651
1852
1667
6218
890
2302
9476
6638
1931
7782
6356
6661
7401
5577
1249
4776
3977
2529
3491
7370
6653
2054
16
6699
8667
8476
6645
4662
4532
4889
834
1937
5889
558
2164
623
6231
6065
3427
964
9663
4237
8462
7557
8415
1978
7387
7229
4515
2700
1697
5540
353
3042
9986
5836
8805
3855
3027
6923
8267
5964
2516
3489
7611
4812
437
1752
5821
7852
7000
6464
8116
3639
6533
4768
168
7566
1144
6305
5514
6156
1729
5269
8250
7584
1477
9790
1573
6839
2263
5475
3475
3847
7495
5648
4426
8820
3192
6052
3571
4393
404
8581
477
5822
1875
3725
5270
7843
8366
5491
8551
7076
995
3763
2271
5346
5309
2525
2059
9773
7744
8507
257
4827
8181
416
4862
7800
7536
3544
8251
896
8841
6303
2913
2884
8939
1899
8655
6684
5028
302
1093
1602
3364
2898
1566
2064
5017
9655
8782
5105
8466
8905
2521
6253
6792
6584
1495
289
4541
2758
1110
3674
1137
8769
8640
3332
3064
2840
2324
9731
3779
2630
4452
8551
493
8523
1169
6925
1322
4560
4883
213
6944
5612
8177
4941
9565
4242
3410
1455
5785
4964
499
7860
1175
9637
3648
6587
3470
7706
4101
5544
612
9888
9629
574
8849
1859
5365
4927
3816
8456
479
2305
4790
7107
2049
671
6553
7042
3852
8224
6115
6067
6102
9119
9382
7096
8324
553
8314
4717
5309
7531
7129
4332
6101
4144
2596
6599
2825
6666
9626
1805
7233
1120
375
9808
521
2809
7095
4701
3164
9434
6280
9214
8411
2042
3694
8372
6590
6188
7229
4229
756
9332
2571
6466
5040
2176
4172
6005
8546
7317
8035
985
9456
7103
5696
3245
7036
7100
8166
1084
1994
2295
7454
4322
2580
3494
2327
7869
8496
5539
9868
6406
4936
1443
1076
7501
816
2189
7050
1669
2653
3211
2584
262
6886
8299
6776
8037
6044
7026
5606
7463
8116
5932
9823
236
1225
1324
8341
1368
1977
9427
3229
6883
6892
7620
6630
9148
5113
8726
9601
219
274
4790
3719
7825
1591
7654
616
2226
6615
3310
2729
2523
8850
4146
2619
336
6563
759
1579
4531
1999
4665
329
2776
5585
2077
2050
2509
4315
5625
6443
1605
4848
3932
2419
6514
3166
5814
6487
125
5829
8997
9644
6514
6624
9129
5867
4055
6048
4162
3309
5788
8981
6899
2862
9604
3386
8006
3032
9967
2787
3843
9472
4007
6179
8318
8000
1235
6311
1977
8738
5484
1672
6193
1646
6294
7325
3442
5721
3845
7075
4534
7760
8057
6915
3146
795
4133
7408
4381
2861
8050
1868
9080
2874
7730
5572
4677
821
6350
9566
4947
1382
1956
2557
1330
4048
1982
9695
7640
5187
8944
9272
5712
5759
7445
3948
7583
932
9156
9632
7328
3323
6667
6662
9098
9920
4329
7554
2905
652
2097
9374
8174
8157
4192
7010
1579
9993
4917
2130
1745
6903
2496
4608
7589
3777
4872
4138
1340
6453
1377
2543
5260
9992
4901
1642
7723
4613
1514
6510
8937
2054
1477
8608
9299
7605
3859
1360
477
7138
4138
1701
988
7478
1594
8234
3196
30
5342
4596
4143
8903
940
8721
1153
1820
2223
7222
1495
4168
8474
445
3887
9299
4574
7079
7896
9266
7673
9460
8405
3350
7325
1492
6559
657
3144
7019
9949
8964
7890
7658
7166
3634
7742
4626
3279
2338
9213
4406
9822
211
2009
3708
795
6665
6847
526
3197
5198
3504
9078
5834
8120
5860
1109
6729
2126
6321
743
5650
722
9590
5481
1177
2332
5933
6617
716
76
1448
3405
1561
9441
2519
8273
8432
7306
6110
5258
2880
3461
3151
1070
3546
9144
4509
4643
1248
6004
9423
8783
342
2549
985
3171
1779
9483
795
6065
4125
475
3328
3953
7468
2208
4039
3823
6078
579
8230
8682
141
810
673
8511
6773
2422
9153
9460
6926
4793
1286
1907
9477
179
3876
8186
511
2851
8308
8175
3675
8944
4421
8692
559
7977
7355
2695
4669
491
8196
7488
2607
591
8949
2288
7013
9863
1815
6070
7289
1318
2988
9217
5024
2030
9261
8059
8600
252
2390
6034
811
5657
4892
5743
9810
6317
9377
301
7997
5204
3856
3036
594
6549
5466
1868
9085
893
1601
856
2023
6379
422
6780
7327
5077
7463
1892
7110
4256
9941
7179
7379
7154
9122
3206
881
7191
9058
4232
424
5267
8421
7007
5440
315
7567
2529
33
7765
6294
8455
7548
5443
4358
2032
4823
175
123
2201
9190
8195
4687
3536
6926
9278
3288
4958
4483
437
1129
6437
9695
7682
6416
7455
4139
9435
6806
2633
8261
7578
1012
4542
7130
6883
7455
8335
7024
7636
3098
1601
204
5632
2186
6147
8747
8534
6359
2485
7955
3480
1692
7823
3075
8434
5215
7957
3682
7212
9284
9708
5571
1625
6106
2631
5842
9840
9946
4329
1311
3990
1342
5486
8661
9
9594
575
7464
7789
3824
2516
302
1468
3046
8469
2914
337
5986
5862
5767
3421
8088
2105
8388
9943
9061
7965
5096
344
6292
3627
6523
5064
6906
1802
4534
2409
840
1433
1630
1308
4022
9609
8283
7425
3524
2972
6737
7366
4996
6892
8058
2951
8618
2718
3267
5599
765
2938
6931
8738
2904
6750
6224
8878
8020
7789
596
6924
9913
4250
6242
690
6500
1852
1907
7973
9957
7379
9175
1870
4393
6495
6343
9552
6843
1618
4021
761
4063
2570
6765
9095
8635
1774
9179
54
9798
8131
1616
9623
3829
1670
2864
6216
8118
6536
4447
3993
3030
1245
5023
7047
4161
3869
7792
3509
9835
2272
1755
2819
5074
1003
7643
7896
1177
8194
1354
7255
1543
6830
9857
6420
9753
4128
4645
4909
60
9612
1560
9397
8780
6501
1227
3881
6577
3282
443
8464
8286
524
7491
7249
2266
9462
9049
9621
9288
4487
7209
5712
6463
3368
7846
8142
6061
2921
7993
5220
4010
237
6041
310
1436
1856
8116
906
7048
9927
7212
6959
4995
5893
8683
2827
854
1140
396
6765
5690
7551
8878
5729
309
9929
9791
3919
4538
873
3982
6769
5346
8344
3375
7312
4477
4426
6012
7963
9620
7869
6356
3649
2060
1062
1088
6525
2019
8715
7425
9573
3134
3096
2789
1264
2716
2517
9271
5106
8227
9993
5070
9264
8506
7592
8184
9736
8922
2692
6699
3094
9556
1489
6586
3169
3571
5324
7818
7945
82
9291
8854
2916
6370
8588
5299
3035
7920
6358
9424
9784
4648
6023
7302
6819
2477
407
6614
1667
8260
4284
1656
9857
7587
9683
8717
4774
4579
6442
2042
3266
6257
2936
2469
1661
4617
2897
1514
382
1757
2153
1797
3713
9466
3344
9975
4010
4634
5363
5102
1290
1724
6438
856
3913
2709
827
4237
1364
7761
155
