943
540
6003
7726
7657
1751
3158
6642
2756
7250
6551
9987
1726
9347
9558
3609
3649
5507
619
6444
5635
8051
4235
1537
7508
2436
4360
2139
1182
3442
9994
8530
2415
2763
9299
2098
1905
9129
9901
8664
3185
4888
626
6308
593
6361
3109
4616
3532
7414
2381
3240
8214
4800
4788
6417
1608
8386
4823
1737
6615
279
202
7871
3288
4347
1695
3485
2094
3638
6062
6853
2968
3240
6285
8249
2939
2317
7899
5679
7445
4343
2798
9058
5234
4736
7888
3194
8172
1131
4036
2569
7532
3938
5590
8718
3989
8704
2053
8794
2357
7997
8928
9351
1590
4191
2509
5129
8638
838
4677
5666
4397
3467
8595
5990
3550
8908
1539
1787
1291
4908
8601
7286
7857
5709
9502
4013
6117
8501
5803
9117
916
5259
1504
1148
2544
3106
6539
8973
9540
6425
8729
1013
3498
688
515
8904
3437
9209
406
5313
9104
9040
802
6232
546
2989
2283
3851
1713
2961
3166
2853
7265
4819
4260
7554
423
6912
853
5068
8178
9382
1957
9764
6932
1710
3483
5329
8209
365
430
3524
8652
6088
3241
4890
2512
3104
8212
4221
6586
1768
6515
3508
3264
1140
8469
7136
8689
7953
3056
299
4921
7600
2963
8304
6716
3602
9129
6365
5404
5502
9751
4172
8715
7321
2905
1969
8978
2926
9219
8233
4962
9707
19
5024
7080
1034
2411
2802
6401
7929
769
9705
2573
6934
4232
9594
1898
3514
5445
2740
7531
5796
5927
8986
9516
2887
2287
2065
3875
2299
358
8974
9339
9896
7331
3410
4048
1146
4532
6481
9304
7048
6508
4517
4101
9598
2954
7233
9910
5000
457
139
9911
2510
3333
6329
3369
6932
905
1143
9280
4732
8723
2978
9478
3232
4516
878
6491
1986
7956
5711
1361
7331
9854
4170
4661
3849
4776
2582
9926
3897
5143
1593
9873
7986
5310
7214
4374
4573
7738
6152
2979
1339
9864
4757
7837
1471
3877
9265
8609
8971
1702
5952
2839
2207
9171
5664
5098
4081
4718
9300
5054
1691
8685
6198
6182
5976
1814
5432
4145
5737
680
7123
1907
9533
6948
9182
2431
7835
7679
5284
7464
3060
6948
7731
1776
7392
4432
9451
3686
6179
2483
192
9478
1085
207
5649
6117
4008
5722
7010
4546
8947
4566
3468
1029
1849
2947
6462
2109
2688
4311
6926
9712
1224
3145
495
954
9834
724
8937
9491
9863
5452
1164
9946
2579
9767
7919
2203
876
7056
6023
9348
9997
408
7240
2101
6660
4220
9712
4137
8377
7539
6040
8794
7209
5847
3317
9228
1785
7700
6962
1025
7268
234
2627
5072
4174
2376
8882
3475
7869
9686
4795
5401
8761
9753
8415
6880
2865
4737
8241
9094
6674
454
7459
8372
8564
9982
5250
8353
1025
9957
9269
7056
9139
4264
5473
9616
4199
9799
2079
8545
6838
4501
8257
1244
2184
5335
5533
7772
2501
403
6045
8912
3926
9128
9622
7489
2838
3861
6628
2754
9589
8766
6329
2581
9043
8881
3035
3193
5994
8659
6409
8796
6785
9730
2196
2322
2724
9213
2745
4859
710
6143
3759
8142
1145
1649
757
705
5892
6570
8597
1557
6972
1521
3068
2979
102
4872
8989
6662
7864
3559
8996
659
2703
5350
3035
8695
1192
5536
2573
782
805
2284
6473
5494
3558
4085
6644
874
9670
3876
7557
2905
4021
694
5418
7373
8967
1347
2866
6280
5856
4140
9306
8156
7671
5296
5816
1563
7985
8355
8552
755
8880
7124
515
7819
7180
9438
5245
647
9159
6725
848
2691
6910
7195
8256
5369
1474
1815
4206
7735
7459
3498
7572
6893
4714
7592
5898
103
8577
5489
8955
4343
7435
254
3445
5891
7911
5629
9024
5147
199
7881
7806
7984
2055
5530
5333
4029
9385
7176
1756
8274
3797
3904
1632
3168
8014
6428
5335
7070
1228
9636
7464
6523
2818
7404
9524
2618
1756
9876
5619
8617
1091
3012
7963
7828
3479
216
8623
6573
4270
2269
5200
7580
3114
9526
6485
5524
910
2126
9804
6164
4659
1155
8042
5010
8396
2774
3146
9861
4529
4824
7350
180
2901
6886
5348
7612
2793
7121
1098
3711
7423
9449
3594
8420
8796
5002
507
4461
1761
5544
5382
8810
7024
1634
4684
2623
7823
8726
1472
9718
5391
5376
8114
9458
1516
1953
460
946
6118
22
3929
643
7010
4309
2153
7592
5250
1104
293
4737
3638
7514
8016
6580
1471
1096
7221
3412
6693
540
9656
8001
6764
6811
268
7440
911
7506
7488
3860
3323
494
7847
4216
643
6037
8776
6906
4053
6176
8420
1789
2908
5306
3822
9868
1292
4618
4709
9483
6839
6888
6138
8014
883
9414
7606
7983
4886
1865
5189
3953
8946
1517
4622
90
6505
905
3521
695
3049
2576
3693
9907
5797
1090
1110
1502
296
5479
2022
90
9450
4163
7697
2818
1165
6355
429
2089
1851
1228
1586
9894
3213
3286
7856
2146
3483
9458
4364
9416
8473
8009
5801
2824
3297
3336
8061
1547
8887
6045
1858
8867
98
4425
2492
4646
3449
2561
2411
7739
1041
8870
7771
6809
6005
8472
9644
5892
9988
3418
6710
7929
7918
3628
7947
1954
6698
8960
1242
5026
6147
7374
3597
2539
2169
1101
3589
1042
215
2947
4582
4893
4588
1332
276
2817
6031
253
4371
1050
217
7546
2312
4056
1645
1432
9536
5348
8648
260
643
5299
8395
8576
9486
2101
4192
1739
7226
4573
2244
5527
5991
9194
5532
9520
3542
1409
9363
7325
251
1199
8926
9379
2014
4492
586
9753
63
7813
8684
7074
1223
7021
6582
6623
6399
7425
6168
6788
3859
709
2319
921
2608
6848
5270
1342
8407
9060
6106
8090
8796
7060
292
6420
5302
9517
