2981
1244
6702
264
1456
7899
3749
8442
6972
7489
6279
4760
5998
995
6599
7596
4672
4537
6853
1553
9176
7462
2945
1997
6332
2186
5929
6865
8780
4077
3351
6913
4700
1778
4190
4785
4647
2670
8745
8685
4928
1243
6105
7510
4251
6203
6708
4528
3200
5122
9782
3764
5362
4143
4264
4971
515
4267
7420
8304
2552
7692
3502
1251
9224
1784
7274
8842
8927
4299
7994
3493
3746
7667
5222
908
1300
2955
99
1265
9143
3724
9057
6813
8380
833
5601
3672
3962
6792
2245
9698
5768
6504
7314
2814
4215
8165
869
6446
4369
8696
1571
4633
4439
9346
2785
659
1395
6420
6638
4536
9057
1378
8256
8998
1081
1450
1167
9142
6239
6643
3612
4661
3273
6741
3705
567
1347
2676
6033
5368
2019
6083
7709
374
629
4666
6621
2321
5343
4036
606
4545
2080
6208
885
489
1849
7116
5744
8166
8951
5477
3576
3699
4181
6384
2654
4111
944
6040
6410
9079
3749
3494
1405
21
1426
5617
3193
3296
1084
328
8003
4311
6760
2555
509
6018
5564
6144
5044
9761
4672
4742
7761
8613
4726
8376
6972
4191
3738
7045
9168
1460
1342
252
5778
8964
8358
9771
3749
7114
2862
7202
3133
5058
6181
2876
9703
1702
9343
4975
1131
9480
5623
2506
7129
9354
5937
4198
801
5080
6723
3415
4082
4023
1920
4153
2510
1233
3995
8906
9114
8276
78
4051
7662
9521
1395
599
9291
2517
3266
8400
377
2861
9264
8615
3372
587
394
1674
8532
2731
4464
8124
7159
2594
5633
874
6435
1719
2148
1718
1510
7617
4194
6155
7048
3210
4099
6150
8967
8488
4147
7043
9224
8179
8547
4466
1100
5690
6385
3585
5010
7405
8341
631
1731
738
9987
3854
9708
3935
4242
6126
618
3758
1079
6137
2668
753
7155
6413
2970
9855
4008
4512
2200
5647
4074
5332
1968
3768
1766
18
4226
8872
1930
5729
7937
6860
6946
1002
3082
2993
7691
3480
4764
8770
10000
7870
7844
381
7857
8651
5419
3388
6554
6033
5714
3132
3375
1010
4567
3899
8127
2820
6770
4368
8435
5134
7079
3226
768
8871
9058
570
2122
89
224
5478
2775
1058
7147
1865
1654
5609
2732
4915
9603
9349
2961
1518
9611
6266
474
6729
4014
8170
2260
8076
7907
3771
1171
9358
2889
6077
347
3018
3606
2951
2062
5736
1899
2105
2705
2944
3743
6310
266
6262
1602
811
195
8706
9252
8445
2286
13
2139
9435
1056
5957
4878
1355
3602
9693
9549
8216
2346
6116
8967
1439
8591
5511
2935
9664
6587
8975
2733
6410
9110
5825
6125
4847
98
2224
8375
9721
3322
3889
2905
1164
3609
5342
2101
4220
2025
4658
6858
7150
1347
8441
1042
7841
6897
6306
7350
8612
1297
4465
8035
4794
3757
7950
7497
6236
8602
3796
627
2065
3301
4443
9221
577
4183
3380
6806
5733
6106
4400
327
1719
8997
7260
9346
8799
8876
1578
4704
9546
72
8951
9237
9380
412
6870
6361
5295
2977
5669
6584
4723
3641
4842
5081
7846
3187
6043
9303
4308
6464
8194
6883
5421
2582
1567
187
8071
119
8431
8183
7261
4099
1991
705
8129
7353
1740
3040
3207
9022
6232
1877
2203
1715
1136
9151
1416
4227
3440
7863
7007
6320
9069
9800
7082
4559
709
2569
5425
7224
8071
1393
8516
1173
9736
6539
5140
1846
7583
4571
8375
6427
8575
766
7251
4649
1423
7979
1252
8152
1735
4252
3553
4134
3405
3549
7937
3425
4560
4903
3821
2961
2770
6218
9072
6392
10
5901
3590
6252
9246
9891
1595
7796
3425
8160
5105
8698
2827
9693
5243
2815
1096
3046
4075
9337
2204
3279
9308
859
4958
2112
213
4766
1772
8154
4733
6636
2079
7952
1034
2180
607
1316
1198
1095
1079
3899
9443
4544
6085
1987
1967
6142
3782
2817
9195
5643
3432
3263
3624
5806
7886
7558
4921
4086
3459
8148
6011
8396
203
1560
5851
9958
1792
4838
8193
6714
1612
2757
5992
3144
6238
4660
1377
9661
7639
6403
5024
8062
8712
7073
6556
8278
5738
6028
9035
3927
6078
4518
9092
1179
7024
7036
7971
9220
9552
4744
5856
2883
8861
6177
5792
8963
9304
936
1854
9249
9900
9323
2130
9127
1017
9789
8124
8905
1594
1436
6366
3196
7955
3547
1942
1821
5588
4457
3745
7853
8064
9395
8986
6707
1887
8829
9114
6251
1979
6390
9342
4372
5894
6516
3356
3193
3047
3005
5211
2561
9664
7557
2146
6169
3385
4723
3003
2362
7163
8345
3047
9006
9907
2616
8693
7292
3297
3668
7259
8364
8775
6525
9916
467
4551
54
1347
1595
423
3076
2408
1932
6624
3796
189
7906
2131
902
5229
4468
9651
5080
8348
8810
8737
6402
8353
4565
1236
1019
300
944
1441
6952
3275
3323
5018
8407
21
2214
3411
4193
8007
6608
2466
4151
1498
8282
7612
934
2683
8574
2544
253
4328
9174
3021
4211
1298
526
7529
2519
9148
9921
3240
5778
8690
7900
9474
2147
5459
210
6942
3508
2131
5749
8930
7157
8326
5701
9883
6424
7754
5008
9178
7528
7427
2970
8927
3365
1131
7233
5459
6654
9239
1998
5282
7648
8362
3704
2916
7874
3709
6167
9164
5756
7127
6684
2816
9054
6390
8568
1915
5511
9363
9016
3673
4216
6488
7551
6576
4935
1618
166
5980
5087
6040
1358
1537
1562
8474
222
6318
4311
6192
9833
1169
8392
8273
6695
8625
3322
1667
2356
455
5559
2118
1281
3288
3618
3621
1929
8790
8468
2136
6039
9587
3077
612
2645
1372
860
1942
3590
7985
4976
8982
8492
8821
6191
7909
7839
4903
2820
4464
6297
94
1810
4160
1244
8405
5528
6951
279
4165
4977
255
5689
9534
7204
6132
5346
8625
4911
7477
5463
4624
8164
1921
7644
2476
8130
9508
3609
2452
9142
1022
3990
7789
161
2860
1202
2965
3044
3318
4954
3140
4705
3586
6492
2271
1498
1178
4914
2591
1285
4530
817
6111
5089
1115
6940
4281
872
5739
9799
7626
9678
5446
8902
5048
1503
2925
423
8498
1531
75
3818
6310
1827
4426
8655
748
9298
4256
9767
6941
4407
3510
7080
9157
9704
1244
6952
4604
6571
6929
4545
1527
3302
7870
9501
9910
5490
9898
3497
1719
4314
7706
6472
3804
6685
6910
6034
6614
5555
2876
967
8627
5937
7854
97
3244
5737
6573
7071
5345
4034
1121
1653
8001
1414
7654
8280
5367
2183
2628
7561
3629
5159
3921
2532
2924
8760
4832
4543
14
3204
9951
8138
2556
3103
3589
7776
1766
1602
7931
5081
7836
9062
2891
3653
8678
9727
8622
5063
3136
7184
2274
5147
3788
49
4449
7358
1370
6280
6198
9940
5906
7201
7927
3851
3976
4544
4505
1019
9737
108
7162
944
6549
3564
2534
1538
327
1656
7137
8938
3265
4293
6797
4090
3830
8447
3311
6437
7000
7585
5166
7285
357
3623
8810
9354
5119
5239
2282
3578
2536
4069
8992
7685
3076
8476
1376
9089
3715
1752
7338
4373
9086
2780
1105
7560
7774
8503
5641
58
6729
5767
5294
4375
8099
2208
9630
2943
8352
5453
3881
8860
6220
5957
2609
5288
9434
71
9419
8476
5026
1042
7077
4642
9304
7296
5849
3705
7397
44
4375
8305
7508
6981
493
7523
9166
2759
6323
2153
2108
5459
3775
1764
6028
2822
9369
1227
5345
6284
8661
4104
8935
9780
2557
152
9957
2963
1257
4860
875
3805
2281
315
3674
3028
383
4103
8915
6469
2571
5806
5205
5393
3
3027
2526
6169
9016
2581
9005
8726
6683
2765
1657
5485
4776
1964
1596
2282
1082
1309
7487
162
1789
8394
2294
5823
4001
7384
6471
5301
3134
343
6482
8746
6376
1398
4580
5548
6483
7796
4811
1301
5556
8991
5573
4390
2456
9983
2435
3544
7807
7378
4017
1060
7153
2350
3375
7505
4542
5304
4586
1903
696
4918
6864
8463
453
6655
4686
157
6310
9466
3434
2162
3128
2553
7906
1746
5691
2294
7508
5857
5912
4867
6886
3487
9762
8311
8834
1999
8692
2070
8653
3019
4826
4664
3772
1581
8924
7685
6539
7640
5150
4521
8318
6477
6356
4741
373
6099
8186
1910
3826
9258
2666
9573
4551
6749
6609
7211
7113
9423
7639
8856
742
8158
5177
6234
579
2565
4310
2223
1486
5097
5817
4103
222
7187
9717
5749
45
3050
4658
5802
9449
1590
5790
8233
4805
7050
1337
2049
6101
8104
434
6905
5409
6808
8394
7290
7922
7433
6719
8561
2338
7887
8885
2019
3868
3651
9651
5432
2369
5055
3348
8946
8486
9793
954
4634
5357
3200
4585
6396
7819
7940
1441
8286
9410
6760
6099
1673
6968
4476
6223
4585
2080
857
9484
7400
2513
7621
4015
1018
8222
6154
5549
726
8040
9350
1386
6931
7505
6433
9113
4166
9937
6475
1585
8178
4133
1991
4667
3853
4803
5268
2183
4403
3370
8218
2702
7604
8307
418
418
6201
50
8457
3421
6651
4361
104
7915
9753
8500
6868
6648
9953
8531
9443
8427
5641
8376
4189
9293
3891
93
9926
8457
6382
6769
4450
7195
1872
3749
101
8722
1614
6498
9643
411
7148
577
5009
3168
3596
8247
6672
3110
8372
4085
5636
4210
7091
6628
6003
1805
867
4037
7126
6686
2865
7440
9537
5528
5705
1382
4119
7189
1639
4490
8225
2250
1559
9968
4990
7641
408
3524
3754
3089
6990
7533
6587
7055
3110
9971
3583
7218
401
1227
2961
1528
6122
6892
9986
8699
6583
8416
9530
4106
8528
29
1822
604
7587
2577
3404
669
3894
1474
398
4134
4703
3250
5961
5298
1571
1444
908
6817
4724
9536
6011
8515
4496
750
3903
7596
5140
1884
4113
4676
5415
782
1322
229
7027
8960
1608
3104
7923
8601
1124
7059
7053
4026
3891
1539
9465
5748
558
9259
7439
1432
8182
2275
3768
839
9462
1861
9527
4216
7858
4103
6209
8524
4499
2779
4437
3382
4258
654
3770
2327
6170
9257
8175
8752
2903
1169
3920
1448
1045
646
1780
7452
8253
3028
7196
6920
8164
9116
7694
3065
5337
4302
4870
7937
8439
5071
2156
3934
1255
2462
2073
9506
7005
7597
3821
8962
1670
873
1940
1876
3130
9686
5178
7238
4367
1224
3776
5788
3823
8321
512
3842
9288
4411
9395
4717
7991
2175
6169
3479
6306
4564
408
3456
9782
8683
8766
7043
2538
9649
1037
9019
5307
8278
7389
8582
55
8314
2147
5557
2167
3383
9956
1106
1187
8134
2302
7269
6341
2764
3549
7695
5152
4946
8823
6273
2190
7328
9672
6250
1192
2546
4727
3223
2578
1114
7164
376
6486
4118
7677
4089
2391
516
2206
4291
239
530
4257
4687
7808
5395
8537
3849
5194
7407
3881
3449
7741
153
1176
9279
3315
6424
895
2890
3883
5369
9450
9498
2789
269
6403
3859
3313
9188
5255
2482
2352
6804
759
8316
4119
3340
5655
8075
1302
2959
9745
6758
7695
3525
255
4611
9768
5975
9721
2693
9831
9500
9177
3210
6478
9206
7536
7295
6609
1692
6134
6148
1310
4900
8847
1644
2927
9716
3270
8370
7623
785
6955
3616
7828
5626
2985
8548
2941
6615
2989
518
7200
1232
2345
284
9341
5448
5967
7509
6979
575
689
6867
2371
9117
7030
778
5942
4751
7988
4133
8039
5459
1103
7486
9568
4594
1601
7257
2487
2028
1968
665
3190
2088
5966
5472
292
1446
7382
4947
276
1341
342
8027
4807
1012
3497
360
1335
2985
4695
601
4515
5913
7238
5048
7892
5462
7821
699
6656
5833
8422
9259
6492
7017
1796
2155
5989
4974
9560
7403
9502
6158
519
6949
2959
6121
1406
362
2804
9643
4060
6552
3845
2831
6928
3091
4609
64
8636
2325
9071
394
2722
4077
3172
4416
8294
616
1925
9061
1250
8532
190
5784
9086
2637
3326
3312
3336
6028
2986
346
9540
8191
1179
5256
6613
6223
9466
110
4463
2915
2446
728
3768
7916
27
2514
4276
4321
1077
7264
6012
3067
5209
5691
2007
2057
4931
7819
3335
2101
8893
756
5714
3650
4707
9332
3783
4707
7014
7305
4383
8358
5538
663
2257
7766
187
5097
2607
2655
7677
2023
4530
1361
6819
2849
6666
7255
348
4342
1159
4863
8403
6385
3959
6105
1602
3809
35
2615
4811
4384
8299
3014
4186
4167
8763
7892
1204
1479
7311
7307
5897
5643
8943
2697
6158
3119
6969
1025
3288
6094
4311
4784
9891
6594
8069
1947
2884
7824
7135
1106
1832
9337
9157
2332
51
4005
6201
5751
9856
2141
2924
2787
4899
7022
6812
4686
1455
5897
5583
6771
4289
3426
8679
5669
825
642
3432
3920
7035
845
2936
5100
5455
2475
9764
7082
4435
3353
2998
8570
5247
6134
8229
7916
7438
9693
6074
1918
5390
5476
9656
1850
9172
3183
5129
2744
6132
3720
1618
7613
5909
4741
3445
7841
563
6480
7786
4426
7100
4698
9572
3700
8374
3540
9013
6012
4935
1565
3501
1666
514
8936
9458
3384
2766
9618
5393
3930
8490
1650
8405
2716
604
3110
2601
9802
7653
4229
6151
8861
4618
8233
9986
3346
6787
5269
1374
6812
3113
5335
1039
522
3025
2882
1771
5765
6605
8316
4970
247
7317
9444
3011
4894
9178
1664
4762
24
6383
9289
8364
5292
2705
4207
3799
6119
9516
3815
8075
4436
5027
3384
5288
5226
2493
2078
6373
6935
737
2184
8493
9708
9868
2923
7476
507
4772
5834
2809
3577
3071
993
7780
2557
4357
6653
6020
6426
6067
4607
3119
9419
3674
7698
1736
3392
8654
6239
8563
8076
3223
1070
179
4317
8373
5038
3757
3036
9131
3580
4389
9333
6329
6820
9828
3012
699
2088
5864
7720
3414
6562
9095
5047
2449
5668
8935
1654
8808
4246
1275
8796
8753
1857
5894
8066
3066
8179
3466
9174
9531
713
7241
6862
6420
8156
9992
4983
1459
4953
9809
9999
8465
3992
9721
7441
8225
8751
9342
1013
9628
7532
1943
5015
214
3152
7773
8136
4877
2772
2900
9765
5982
3121
983
3281
7281
8282
5934
5823
5438
1756
7295
4875
5509
6038
3368
4784
1869
6324
8922
6570
5389
4055
9271
8971
1133
4485
256
625
5032
5683
3118
4698
9608
6775
2259
6012
5400
8764
1686
1045
8024
1950
4075
2294
7693
3583
8762
4237
6698
7988
5969
8568
7428
4240
3097
370
6089
6876
4053
3688
7739
235
1201
8762
3635
8300
9750
6287
4741
7517
5407
3377
2982
8160
6989
8804
6577
5024
6908
6111
5629
8740
2110
3829
1892
2105
9131
843
1175
1259
3531
6648
2362
6775
8324
9760
9433
2475
4531
4657
7700
5979
7750
9610
2558
9831
5577
559
9662
6429
3161
2930
8954
4499
4910
2033
1187
2250
6742
8460
9029
9218
2844
3163
8201
1628
4366
3655
9969
9471
4784
733
8288
5814
533
665
1374
5686
1089
6863
6791
7375
9186
2257
2814
9400
9706
1362
3552
3215
2688
5374
7597
9485
8137
6338
1004
6549
3287
9954
6560
9778
466
8967
1649
7759
3901
2098
4198
5132
24
6812
7136
4046
6097
140
8868
5089
6680
5610
3015
453
8667
4255
6489
8282
9687
3647
1425
6596
4296
2495
2733
284
8288
7116
3726
4151
1397
7622
3873
5388
4116
4760
1082
9739
9416
3468
7462
8906
2918
4040
6106
3597
5744
9022
6335
2424
8683
9300
2578
1963
6665
493
8560
1941
2378
3122
744
8182
7600
1794
609
9466
1678
1018
6239
9010
5730
4617
8818
9436
5084
1496
1685
2911
8867
6735
8226
9650
8053
3642
8936
6727
4537
9023
1175
5465
9872
7816
8440
8747
3118
137
5732
9098
2006
2404
3829
4150
5636
5733
8755
9901
3818
3985
7387
101
6632
36
5347
1881
4956
2211
4515
3251
2411
361
1298
4054
3280
5867
3645
1724
8012
5075
1965
261
2993
4231
3348
9426
5576
1350
7643
3080
1210
5203
9762
2942
7803
82
613
3887
6915
2358
3508
7483
7446
9781
9207
161
6063
7660
5150
7793
1915
6408
4028
9215
2610
2567
5659
9906
801
2258
3764
6581
7265
1695
1940
5575
5757
6796
7656
2386
4108
3731
5039
5519
2426
2141
4540
7982
9974
1480
530
4530
5960
1163
8399
2783
5452
1895
6482
7954
7665
1564
1499
653
4476
7001
5389
5178
1763
8922
1836
8473
931
7634
2323
6883
3462
694
2409
6797
5877
4306
4934
1121
9416
8100
3531
9294
660
5894
9056
5072
5127
378
6470
9708
7492
2373
2862
5647
1129
2616
4531
2177
5593
5234
2035
14
7276
7220
109
3309
6962
830
9808
997
1172
2950
1105
9697
8852
38
1818
697
1868
2678
9418
9446
7319
4979
8123
989
9714
7376
7606
3961
2468
8277
7601
4032
5625
1608
3916
1599
996
3605
2903
7470
2311
7117
5515
5416
6590
2212
4945
1904
4553
1238
3809
5793
888
5959
7311
7742
1914
958
7268
5634
9016
5163
7832
1137
7523
9461
158
5155
1824
6360
5120
5076
5777
2856
5730
5450
8440
7777
7138
887
4112
9761
625
8210
6998
3057
4075
5622
9690
2628
9762
7178
1666
9079
3488
8237
1190
9721
3530
2449
149
1921
172
9716
2401
3073
6456
6665
9416
1153
4994
5046
7283
449
5637
2806
8932
6826
3392
3037
8565
2437
5549
426
8701
8249
5302
9816
7761
5379
7510
1258
1131
3395
306
400
622
4627
4981
4517
9595
1920
1563
2317
9251
1014
8194
1890
1997
1018
807
6156
25
5948
5403
846
4208
4657
4144
3430
8027
5609
2022
3975
9298
2679
7321
1870
9144
7929
2531
7819
5998
6937
9451
7953
6819
5538
5065
9171
1916
6023
5901
562
6796
7169
3686
702
5205
5485
7897
7763
6051
2136
4622
6806
9864
1908
6330
5809
8614
7473
2459
4077
4917
1765
8059
5591
9074
6544
9799
3020
1430
9816
135
6971
971
831
8994
3530
2922
3488
3009
6905
5274
6618
344
7499
4508
6227
5428
2420
1453
2534
9368
3686
918
9716
8763
663
5190
9650
7396
7898
2355
6707
1506
5686
9220
2554
424
8290
2208
