822 898
2649 1211
-6819 5909
-9323 -7036
6573 -6097
-9557 -4094
-5191 -6532
6570 -6953
-8999 581
4725 -54
7553 -3811
4776 7615
-1656 -6650
-6676 -6805
8774 -3966
2761 5570
4234 7533
-3364 -5502
-8192 7781
4222 -9380
7583 5564
-1758 -6728
1115 2474
-6920 -4150
-3316 -2037
-2528 -6803
-2885 -1165
-1119 -9904
7292 5823
1937 -7514
1142 -1559
2497 7045
8095 -8613
9231 -9598
727 3036
-7908 -7239
7192 -2600
-1208 4183
-9074 -4812
8555 -3951
-3046 2769
-3059 9087
-6471 -3346
9547 -3607
-8456 -3895
-6597 437
151 -6333
-3150 -5608
-285 -6663
-638 -6445
-8578 -7096
8783 -1291
-2448 5056
-5789 -4156
-8198 4849
-2727 -2592
-5362 5055
3184 -7085
-8267 -901
5808 4638
-8880 2838
4382 -9392
9903 1314
-379 3835
9363 -7930
-6099 -19
1795 579
-7060 -3960
-3616 -1159
3684 -7967
-9062 -181
8368 9095
5020 4811
-89 7192
3789 8347
-8357 3619
-3776 3964
-5722 -2309
-7216 3045
3381 -2038
9473 -6082
4016 1506
-8776 -8435
9418 -8155
-7436 -1319
-262 1894
3353 -2302
7990 -725
-5751 -267
5415 -7017
4299 3547
3203 -4589
-5871 3956
-3189 -8819
905 2925
-2817 -4413
9012 7419
6327 -3170
-7275 -2709
8166 8681
7724 -9656
-9201 6134
-4477 -7291
-854 -7677
-6438 -5165
-2555 -5420
5608 -3983
273 5869
-4149 7995
718 8085
2156 1976
-2015 -3629
-9901 7718
-192 -9157
716 -1062
-7961 -2142
-1163 -9723
9736 -6106
8021 3438
-5079 -1451
8904 2251
7977 -8931
9749 6012
3149 172
-3389 7781
9524 -6069
1479 8933
-7533 -2313
-1290 3943
2109 9568
-4559 -4895
-8689 3339
-7871 8448
-9512 3281
7526 7430
8357 4159
1646 7986
-3741 8034
7665 8241
-2637 6412
6285 4898
-4269 -7104
1586 7135
3144 -5570
-8881 -6552
-2087 1371
-9208 5311
8670 8067
-1214 -7283
-1709 6343
479 -8109
-285 -6627
-8569 2676
-6812 -611
-7888 737
-7139 -4758
-7681 -6384
6371 1790
5968 9864
-6243 -6035
5636 6997
3510 -274
9774 -6190
4577 4465
-7355 1564
-8446 3678
-6147 -7848
-6548 -2321
-9847 -4865
-5465 -9034
-1117 -4400
-7877 5952
-8925 3910
-3805 -3159
8260 4652
7419 7495
-9635 -2837
5269 -2194
-8658 8423
-4669 4105
3363 1347
8044 9556
-1109 7809
-1535 -5244
-1124 1283
-8447 -1236
3357 8582
-5030 -5690
9604 -8791
9997 -8461
4198 8837
-3817 3480
3720 3823
2218 3879
-1071 -3654
7548 2899
3006 -6738
-2768 5437
-8346 -2726
3355 -2155
511 -7108
5115 5144
2604 220
-1005 -4553
-4112 -5637
-353 6051
1497 -4659
3208 -8659
-8504 670
2382 -4323
-5456 -9122
-1367 8582
2330 4237
8893 -1498
-7858 -4859
7493 -9807
-8075 -8544
-4424 789
9945 7208
-6655 -9863
-4891 -1608
4812 -5472
8279 -2561
-5861 -3725
2874 -7836
-331 8249
-9247 -569
-5088 5182
-9786 -49
570 9800
5897 -4195
5213 -2887
-6524 8229
6157 -8091
3587 8889
-3548 1537
8118 -6688
-2013 -9812
4534 9132
-4894 2347
-9214 -3434
4535 -6828
3427 -2686
2303 9682
2872 -8754
-5835 -1045
4091 417
924 -7878
-1499 -2186
-6149 5173
-5879 4807
9279 6542
-5736 3548
8757 -8597
-2538 1527
5482 2371
-7917 -590
7115 -8951
1777 -7961
8251 3905
6909 -6880
3485 7566
-5333 -1302
-4347 359
-8819 3538
1783 6090
-1623 6298
6745 -1439
-6015 -6423
-327 -4544
7804 -512
2816 -6840
3952 5931
-3355 5290
-4761 5960
8253 -8079
5307 -4363
-5528 1722
8086 -605
-9447 -2683
-6704 7685
7864 -3996
9401 -1472
3865 8989
-2184 6347
2619 -2038
2999 -5271
3082 -5896
8379 5264
4391 4849
-8083 -6541
8954 6250
-6562 -1922
3902 6776
-433 -2733
4187 9314
3781 -7257
-2341 -8374
7788 -9946
7536 2436
5039 -7699
3980 1706
874 -5329
2481 9797
961 9895
3271 7849
-9696 -1250
-979 -9713
6318 -8890
150 6457
3696 5062
5844 -6075
2388 -613
8273 9967
-46 -7917
-9365 6217
7828 2131
321 -4590
-1467 -72
-3443 3394
-6502 7553
3719 -3975
-887 991
-2817 -7751
-3632 -6579
1456 6630
206 7543
-7473 -7437
191 1254
-5469 8257
1431 2198
-5818 5257
-4822 292
1912 -6727
5536 7789
-8141 4134
-8683 -2122
7013 7680
-8644 5291
3290 8835
3105 -770
-4906 -8431
2115 5633
7337 8142
-2076 -6103
-6246 4865
6166 -5148
-5751 847
-6644 -5474
-3834 9248
-6032 1787
29 -1421
4965 -8510
5420 -4468
-2754 3119
8040 -302
7475 -6294
-9995 6076
-209 3216
-1826 -1017
1352 3360
-6791 1442
2585 -3352
-7504 7779
1065 1544
-5590 8626
5579 9231
-8969 -3777
9069 5933
-6475 7755
2722 2776
7826 5859
-7935 4829
5423 -9291
-1862 -2122
2301 -2041
4972 3538
7256 -8523
-3008 8948
853 -5119
-3739 -4872
8648 -6008
3401 -1694
589 1154
-2248 -7668
1061 -935
-5116 5741
-7288 -7863
-6147 8346
6995 -1002
2732 4072
-7592 5402
4956 -3192
-7078 -1096
7650 -8734
-6255 -6233
9596 4766
-3345 -2459
-9758 2058
3468 -8971
2246 -3112
-6268 -3589
-9963 6036
-5906 -6740
-8460 -5735
-6850 4803
-2469 -742
-3362 4979
1579 -5626
9017 -1978
6701 1375
9234 4901
578 4790
-3242 -4354
-1946 -4107
2999 4445
1955 5767
-6959 -7167
4159 -8187
-3489 5073
8749 866
8242 9410
-4585 6784
5432 5715
-3456 -793
6021 -9515
-4595 860
1396 -8898
-480 1210
1307 6220
5908 -1707
1174 653
-8236 4217
-4868 -5939
-5797 9269
-8234 189
5520 6584
1010 -3007
-1206 -4098
-8302 1154
-8967 -2810
6168 1313
-4311 -872
-7028 8003
3857 -7973
-2229 -3807
1566 295
-9497 -6616
125 1339
2922 4978
6114 -2361
5759 -1771
8256 1828
937 9091
-8463 2489
1808 9581
8298 -7442
7521 -6035
-3135 838
-7412 -5863
-8990 -7458
-4806 1348
-1164 -1104
1203 6285
9463 4721
-9922 1864
-2240 5828
2392 9005
-9162 9084
7415 -1889
-568 -4494
6289 3143
-2128 -2963
6574 -4769
-8084 5784
634 -3133
2449 -1910
2550 9991
-5539 -6696
-189 -7277
-8068 -2007
1818 4739
6763 -5696
-5646 8004
7394 8284
-6676 -7810
5491 9403
2647 7094
-7200 5854
5669 -2240
9200 77
-8601 6144
3330 1124
5742 1110
5429 -8959
3677 -7973
-1063 -3641
-1407 -2061
6882 4403
-8954 5874
-6028 -9892
-3592 -2166
8709 -9551
920 2230
8073 898
-1713 8992
-4102 5170
5128 8402
9563 4473
-5456 -2725
2476 -1173
2320 1122
1011 2880
4697 -7501
7938 -4332
-8131 6064
-333 -9269
9466 -2547
2987 -7516
-130 1006
9241 -7972
9152 -5498
7504 3574
-7857 5551
-4930 -6276
-9207 2637
25 -5439
-180 -3327
9844 4625
8398 -4621
5256 -6121
-9437 -4021
-7887 8028
3137 -4843
-7499 4075
4372 772
-634 44
-1823 -9422
2400 -8981
2426 6951
4773 -8229
-9254 9227
4979 -6362
5345 826
5692 9615
5717 -5054
3256 -8237
-9357 8691
-6403 7358
-6636 -1973
-1479 -2886
-3052 7951
-6573 8058
1357 -4560
-1055 -1581
-3731 -5802
2892 -2579
9385 -6929
-5715 7316
7598 -1015
3146 8888
3795 4384
-1820 6650
-4328 -9667
9457 -8307
-776 2613
6738 -4435
8875 -5900
7066 5838
-1098 -1861
3262 -7857
-4974 390
3137 -8716
8532 8876
-4237 -4527
130 9279
2300 9183
499 4593
-7508 4057
9761 8780
2400 -3784
6366 262
-9495 -4261
-6710 4524
-4883 -2044
758 3937
7074 -140
8365 -5421
3062 9314
-7986 -7314
4777 -3907
2287 -4689
4458 -7694
-5368 -880
5461 3912
504 -4075
-9189 -7952
1435 -6835
3674 -811
4107 -656
7181 6202
-4059 -5131
-2552 2543
6227 -5012
2313 -6404
2653 -4223
-5995 5321
3831 4330
3218 -226
-8193 2141
8942 4091
-7293 9922
-2902 -1298
-2888 -7678
-2115 -8172
223 6288
-264 -1836
9467 -1188
6679 -4926
1238 -8546
-5335 -8038
6865 265
3103 9566
6824 -9867
6180 -5260
8330 7028
-8796 4753
8715 2799
1447 6805
5548 632
8957 4016
7690 4233
3052 -1852
-2337 -9992
5363 -5647
5103 -6313
-7569 1425
-9184 6917
2534 -6078
2769 6148
2947 6549
9771 -6412
2651 -2939
5998 -4536
-988 -318
-1981 -8319
-9358 -7254
-9133 1280
-5559 7673
-9642 -3766
8816 -8278
507 6979
-2217 -8412
-8148 1162
7192 -4672
-1132 -8499
-9495 -64
-3521 3142
-2668 3911
9196 7207
-386 -8646
-377 -1781
-1422 9089
-7663 -9506
8421 2744
1881 5071
6031 -6389
-555 7388
-9924 -2571
-6633 -6438
2242 -8040
1961 9178
508 -2558
9682 -2671
7851 8698
-9046 -9746
-9131 -1976
-5951 8934
7139 -5003
6115 3694
8666 1313
-6022 -6973
-5517 -5047
3735 9740
-7173 -4262
8956 -2786
-8177 6313
-8560 -6226
-4735 -9145
5610 6640
-5744 2891
-8487 -5803
2694 -1405
4240 1170
9976 8435
1238 -4494
-6314 -98
9474 -7456
4581 2988
2641 -9380
498 -205
419 2239
5745 -6738
5466 7166
-2345 -2306
6358 -7667
4491 7800
5807 9165
1832 9115
-374 7533
-3302 7161
5108 2840
-6251 -3616
1119 5643
8898 9901
-7250 8517
4838 6117
-3839 708
-4619 4683
-5671 3653
-9859 -9430
2310 8676
-7973 5096
-64 6935
-7755 4534
-1901 9301
5211 -8757
4976 -3854
8774 -7879
7555 1411
-8657 -7657
8630 -5478
-2558 9078
253 4395
-4007 2995
-4698 -2798
-5464 526
-265 4927
-182 -5840
-5244 -5109
-696 -3803
-6072 1670
6966 8832
6461 -8418
6882 8814
7164 7802
-4354 -5470
-8364 -5517
4070 5159
7446 9124
-7132 -7880
-1405 5467
-4256 -4395
529 3
6495 1613
-7189 4958
-4530 3530
-7570 -6137
4514 -3635
7243 -7763
-4907 -5450
2460 -956
2841 -6316
5578 6969
-3428 6079
-5178 -3817
-4770 1003
4907 5635
6747 9527
-347 5812
2648 2459
-974 8434
3599 3541
-1188 2062
8529 -2618
-3694 3232
-6871 -4064
999 3449
5578 -1184
1703 9972
6590 186
9128 8539
-1721 -2116
-7208 2018
2774 -1175
3630 6466
-1244 -1869
-1388 -8262
8343 882
-1713 -4293
-2425 -4075
-6093 9701
-36 3512
6211 -6506
2692 -3473
-1788 2624
-1601 6856
-6724 5869
-6152 -9896
6228 -8489
2174 -6866
-388 9718
-5207 -3732
-1630 4506
7957 -9672
4242 -6825
-586 -5639
-8783 5435
-3081 -6434
-189 7032
7684 -2064
-8581 -9254
5832 -2540
-7703 -9653
3534 2887
42 819
2429 6059
-8047 -5563
-6530 1967
-5060 6271
779 -9240
-7354 -9609
-7764 9363
612 91
5674 -9837
-8183 3532
-3437 -222
-834 1120
-4762 -8575
-1489 567
8859 -346
-1222 6437
6802 3930
-2861 3128
-7927 -3796
-1418 6374
-1744 -6581
2801 -2557
-785 -3831
-7579 5961
6894 -7406
171 159
5568 1816
-5620 -2297
-7649 -5478
-9122 -1889
-7138 -1296
6862 -2864
-3359 -6897
-4714 7707
-1429 -1590
-3623 -2643
-9262 -2377
1412 -9387
-5449 -285
-9453 44
-8882 6866
-8740 9041
5107 -8359
5459 7520
9444 5615
-6725 8213
-1037 -7397
-834 419
2599 -6139
5458 4931
-1493 6624
-2228 7056
-4 6928
-3106 1623
1742 3182
6883 7343
-5668 7705
9738 -1862
-1839 -5697
7601 9585
-9831 -1174
-496 8777
-4187 3420
-9412 1283
2721 -892
6087 -252
-8366 8104
-3806 5499
-5081 2459
-1523 -7588
-4797 -700
7766 -5679
9336 8290
-9371 4889
1800 9841
5552 -6471
-2347 -618
5350 -9294
-5205 5493
-6193 1983
-2096 6254
6368 -5574
-2409 9762
-5128 7150
-8794 -361
5835 4497
5056 6099
-3293 -356
-5588 7586
-9149 -4618
2307 -5820
-9262 9235
-6219 9446
-8577 9154
-5231 -2117
-7919 4436
643 -8345
3167 -8984
-8995 -9411
1319 -5960
2922 -1666
8973 -2239
-8860 1828
-7131 8307
-4792 2204
6136 -1899
1054 6962
-1395 -1269
8771 -3136
-647 -5768
-1277 -8711
-8351 -8805
-9725 -1092
-4283 318
6775 -5343
5176 5886
8880 894
6341 -5132
-1323 -7190
5945 70
2533 -6158
-6550 4507
-9223 1873
6113 9135
-565 1902
-8704 3817
152 3054
-7127 3690
-5734 9248
-8368 1815
1480 6158
2616 -3724
-4099 6678
-6655 -7359
6713 -2741
9012 9898
-3427 8251
-604 6408
8001 4917
-8476 -9558
7946 2051
-2302 -2266
1333 6234
2646 4398
2020 -6817
-9291 -2843
-6876 -5653
6868 8828
-6918 -4108
-6016 -109
-679 3806
-6505 -7940
-316 3136
-3348 6904
-6886 560
-2694 -9432
-7396 -1114
-1040 -4783
-3134 -911
9418 557
2303 5582
-6467 -4544
-9798 -7671
-5825 3162
-8988 2082
-7409 -6666
-9072 3695
-4511 9743
4355 -2332
-5232 7670
3989 6331
3791 -3986
6931 8630
3729 -9639
-8904 8995
-3006 155
2998 933
-1041 865
-8092 -7190
5936 -9239
5520 -1292
5025 5637
-9025 -5120
9793 -943
-367 799
6553 7860
-4926 -6943
-8940 -7003
-2869 4467
4200 -5223
-943 -4942
-6735 4439
-7385 406
-2608 4140
9842 -5757
2715 -9784
8353 -8
-9824 -99
3146 -162
5886 8820
5972 3429
6929 5311
-4451 4738
-8772 -4025
-5672 7659
5895 -5019
2958 8364
-7607 -1364
-9295 2670
476 -8008
-122 6926
-7017 1482
-2362 -1191
-1793 2398
3829 -166
-4596 8486
-1616 -3072
-5703 -4425
-2313 -1019
-9492 -8959
2554 -2103
-1141 -1420
4691 1519
-9739 2415
2155 -3322
-2694 2609
3392 -198
4872 -9741
3132 4460
2572 1202
2797 712
7004 -4366
-7607 -1596
-7910 -5155
3053 -4559
-3098 -3076
-1422 8441
-2339 -9552
751 -2641
9093 -1206
6712 -7651
-851 6824
3076 -5934
-6340 -3100
4312 1425
-3826 -3736
-5628 -2420
8541 5310
8241 4152
-5275 -8067
-2117 -8997
2900 4953
-6578 -316
-1497 1068
2472 -1777
-9723 6489
-9614 1086
-7465 -6539
1727 -8072
-989 2834
-3492 8825
889 5016
-6107 -8948
-8052 8228
1451 1320
7515 961
9126 -8496
-5135 -2041
-6575 5668
7288 8834
-1781 2014
-4914 -4452
6792 -7091
3412 -178
-8920 5904
475 703
5123 -3938
-5696 -8110
-5464 9211
-7690 -4750
-8453 -9798
168 7952
143 -2993
-3655 5406
4615 1906
6225 -7003
-1379 9956
5084 7317
-4307 -3978
-1937 -8806
-5797 2574
-2021 -5559
4330 -2145
1614 694
6066 7749
-2872 1437
-3773 4152
6096 4369
-2028 -3317
-1483 -1864
-4748 -6449
1872 -8939
9298 1998
-3326 -8721
1797 -459
-5386 2152
-8951 -9308
-8326 -9201
-2838 3264
-5726 8571
-3483 -4190
7939 -2423
1752 -487
-8619 -6319
-8327 5026
4893 -1079
4180 -9506
2667 -6410
-5194 7839
-3089 -2337
-796 -692
-4858 1227
1183 -6543
1728 -6373
-6054 -5028
-1564 -5896
-2087 345
-9903 -8409
-1645 1125
4931 -8273
-972 -537
-6763 4532
-9152 -8280
-1566 -6465
5464 3783
8253 2326
6401 -575
8895 -2428
-3769 -7404
-2984 -3847
6697 8384
-6321 4244
-2843 6026
1498 -9530
-7685 -8896
-3159 -2414
-1142 3749
3309 -5755
-6034 -453
6256 2577
9319 7568
-1491 -9716
-5969 6451
-2171 -4387
-3152 -7219
-3228 4049
141 -596
5756 1405
-8084 7052
-5067 -4976
6218 1144
407 -3385
9459 9617
1953 -7473
6830 9397
-6791 8471
-2260 5407
3856 4525
-7921 1923
-2603 -4506
6481 -25
6112 8941
4809 -9963
3129 -8742
4557 3024
-3304 642
-5868 6434
-3579 -6820
-6274 -3768
-319 7912
4221 -1909
7242 -2053
-7389 1620
-598 -4977
812 302
-7090 4762
-4088 6409
3751 -4037
4776 -2734
6928 6586
-9577 -6206
-6806 -2531
-1942 7001
-7592 2774
-7891 -910
-4381 3132
5130 2936
2529 -2785
-9948 335
-7794 -675
144 3419
-1222 1414
-5354 -2455
-4800 6496
894 1565
180 -6222
-8523 5636
4305 5073
-8551 2791
8364 3694
8123 -768
-8622 5710
-7005 -6180
973 4279
2166 -8122
-9477 -8153
910 5521
-4660 648
-5406 6156
2959 6429
9930 -4162
-5010 8417
9225 -3012
626 -8628
-2314 4453
-1698 -6598
5289 1054
-6932 8910
8617 -5392
1501 7824
8834 3348
-5239 4543
8716 -7029
7066 1699
7022 -9362
6960 3359
6526 -935
2367 8497
-5247 199
-1889 8512
2778 -5058
6056 8376
-1832 -4809
2253 -385
-6792 -3143
-5470 -8281
-9744 5233
-7433 7100
-1179 -3253
8781 6653
9937 1895
5386 3785
-515 -6134
-9420 8721
-1047 3498
3292 8596
2934 -2987
9414 9059
-1742 9345
-1946 -4246
-1532 -545
6948 4649
-8350 -8451
9005 -9463
-2034 -9456
-9631 5684
-307 7493
1432 3245
-6510 -4631
1278 8499
2797 -9890
-4951 8165
5422 3974
6923 7664
-3685 -553
6767 4872
9398 2905
9763 -8655
4827 -9382
508 6089
-908 -2403
-8906 -7988
9103 5558
1334 -4362
4928 -5659
-8217 8688
-9600 -5892
1248 -5618
-4169 3240
-9349 2546
-6702 -4006
1018 -1146
-9995 -69
-8492 7798
-1287 3002
8954 3733
-2559 -5900
-8807 -2990
-8585 -7817
9334 -4976
-4116 4349
-7297 -2024
-8650 -6997
-9596 2260
4716 -7900
-1017 -8275
-6788 821
-5352 -422
-3947 2740
-4321 -1971
-2269 -3716
-2048 3753
6343 -6161
-2812 870
3976 8174
5626 -2162
18 1040
5664 -4395
-6536 2433
-1021 6691
2673 1744
-2180 -8657
-4058 10000
3194 4516
-9015 2705
9880 8887
8986 5569
-2799 -9450
-8738 3627
-5746 9591
-9683 -5737
-7010 4280
6552 -9476
8488 -7120
-2649 -4387
-9260 -9739
6396 4934
-1446 9549
-6169 -977
1005 749
-8867 8021
-5844 9452
-3133 5100
-3823 -9865
-8393 4956
-9250 -7085
-2284 -7024
-5650 644
6865 -9835
-1882 -6821
7706 -9093
1639 3323
745 945
-3756 -2952
506 -407
-7589 2517
-5838 9079
359 -4946
-9320 4179
-5136 -6531
-1778 -7454
-5911 1011
315 3906
7397 1911
-9036 -8669
7053 -9865
2044 8997
4490 2283
-2209 6990
-4870 2728
1123 -6134
-7024 -7844
-7051 6305
8892 2794
83 -1936
-1105 -1869
1026 -631
-2173 4138
772 5223
-353 -9834
8859 -2337
-5304 5256
-7155 5280
-8825 1381
6514 7607
-3824 -7423
8732 -8989
-5933 -6018
-7653 -4550
-1659 -864
4218 4549
9619 1144
-6501 -3577
83 503
5366 3654
-5617 -91
2144 -5517
-6841 8713
3235 9111
206 -2387
-8033 -4474
-247 9500
4097 -3838
6784 3797
3423 5687
-9993 8528
9416 8697
-898 -6816
-8344 -5867
-4553 -2764
5510 1328
4199 6480
555 -7629
-99 9649
-5239 -8362
3167 3735
3253 -2098
-8488 895
7962 -2094
-5871 2665
3302 4443
3530 2630
6248 7540
-8959 -6915
4825 -9083
2089 -808
-6733 508
2150 -5175
4456 -7668
1595 -6671
-5544 171
-9636 -863
2154 -8814
-356 -1783
-3918 -3786
6958 3317
7102 -8743
6196 5357
9879 -9534
-9484 -982
-5060 -6661
5517 -785
-6660 -2928
-6727 -1060
-3187 -4953
4823 2156
9888 9042
7627 -9381
-1556 -9038
6316 -354
-866 6490
750 -6332
-8730 522
-2463 -7571
-6398 -4726
2283 6694
9511 -739
8820 7060
9945 -3058
-3232 8708
3766 9877
-1379 -4310
-5223 -7781
2148 -1894
-4669 -489
8374 -6092
-4510 -101
-2687 -3736
3238 -1245
7698 -1173
550 -4204
3742 -8159
6856 -4626
3362 9412
5957 -7638
5257 -4629
-6022 -5916
2474 -5349
610 180
-7023 -1612
-5879 -5723
7392 5446
-4458 -9688
8706 5019
-1965 -7197
6538 5342
5466 -1910
-3682 5809
9104 -4434
8387 -7191
-3772 -1888
-6213 9593
-3014 -8522
1696 -9614
-9488 5246
-2658 7603
2817 3602
-4115 9083
-2312 -4520
3813 5740
2754 -427
5642 2760
1484 -3215
3474 8824
-9062 2337
-2341 1096
1834 5980
-9950 3528
7272 1420
8552 7921
-9274 6010
7033 958
-4955 -8488
-7391 9070
-8684 -244
-1991 5305
-5699 -8064
-4466 -9642
-8665 2767
-7760 2231
-4752 -7616
6171 -7542
9272 -9794
-1270 -3409
-687 -8122
4331 3991
2496 -2536
3180 -6602
3059 6645
-8774 -9294
-8917 5077
-5010 -4194
5997 -4086
1852 -2219
-533 3719
-7327 -690
8661 -4446
8661 -1134
-3136 -5612
5811 -2815
3861 6769
786 -1866
-2751 -6440
9869 -3938
-4665 865
6290 8179
4405 -3059
1145 3653
5152 -9077
6209 -3104
-8864 5430
299 -7274
-5110 -2194
846 -7958
-794 3984
7643 -4991
8911 -1591
-1668 -2964
1294 1847
4242 2872
-4192 -2619
-1838 -145
8445 4865
206 8837
5422 1495
5364 -8021
-2613 -355
-7300 402
-8622 1933
-4238 -4678
6162 -5686
-9531 8759
-535 9046
7454 -5444
1915 8209
-9516 -1691
-6485 5695
5086 1420
5778 -7441
2297 1902
3344 3772
1624 -2487
7695 845
-4660 -7748
1439 -3908
4285 4013
6925 5831
6638 -2292
-9240 8025
-1826 8553
-4434 -2949
1902 -738
-2365 3907
-8520 -9192
-4612 2724
-9826 -2289
-8492 444
5760 -6292
-4814 51
-4524 -2402
7894 2145
7381 2871
7535 7066
-9764 -6982
-1589 -1640
7342 4509
-8768 -1358
9224 79
1854 6953
4319 6472
7514 4359
-7759 -7502
9950 -6706
-1909 1234
-1297 8415
-7022 3111
-961 9232
-1423 9171
2244 4744
9210 2177
-2073 847
-3771 7584
9015 -4695
-5663 3305
4903 -4296
-7524 1433
6804 -151
2704 2425
524 9157
-9592 -9500
-2184 7304
-5719 -1352
-8908 -3931
5256 8419
-5904 1123
-6587 -2758
-5316 -5586
-3540 8894
-5635 -7299
5287 8123
169 4885
-226 -9448
7387 -3794
-6875 -9079
2102 -3061
-582 1788
328 5396
-1681 -8383
6858 3927
-1226 -8170
-9741 -5779
-9144 3542
847 8745
8758 -5795
-3852 -6317
243 -4106
-5846 -5722
-2788 3889
-7809 -694
6293 -7777
-4995 -6534
4918 6945
9008 465
-2133 5096
-1121 5453
8973 -2864
7698 -1783
-4219 -8662
-7316 6379
-3640 -2785
8418 6765
7512 4060
2807 -9035
1386 -6542
-9629 6779
-5383 7019
-8633 -5386
-3763 -7938
-2966 -1779
-9484 9571
3975 2241
78 9316
5830 -455
8484 7080
-5263 9545
-3809 421
-8868 8342
3305 204
-7354 -663
-1551 -2947
4318 -3634
-6817 9574
6343 -9144
-2935 -3502
-3523 4941
-8370 -5707
-585 4747
1322 4707
-5044 7775
-4784 7861
4840 -783
3590 6500
9056 -9803
227 -7285
5601 1558
