753 526
-3078 -2623
-5289 -6131
2679 -3118
-5176 -1671
-4315 320
-4529 -5184
-4638 -2039
9009 -4652
769 -4027
-8337 9051
-511 -6193
-1378 8694
4325 -9109
9912 -8444
-386 -4153
929 8139
1391 2185
7661 9297
-7748 -6913
954 -2397
7475 -9627
-9542 5002
433 5519
-6198 -912
-9073 9639
-2502 3452
-1813 9364
4256 6229
-5384 7890
251 4889
5056 -1145
-6431 -9804
8961 -1058
4711 2409
-3454 -8043
-8968 -2802
-492 -3747
6733 -7711
9508 3574
1762 4392
7957 -2987
3545 229
2452 -3332
-7402 -6450
-2731 -3808
-1831 5948
9012 -8337
-6620 -9955
1828 -7419
1237 -1439
-8494 -1819
-9468 1453
-3407 854
7544 6299
3590 4575
-6203 -9022
-7718 7754
-7080 1857
-6814 -5967
-2474 -114
8909 -481
989 1927
8116 5733
-4758 -9816
-921 -5785
-3504 8472
4353 4036
-2834 -1415
3684 -9795
-5934 -7341
-8065 8076
4543 7715
1961 479
4973 -5902
7384 -5420
-8347 -4865
-8864 5177
-7544 -9371
-5911 4018
-3493 -6780
-4047 -9585
-626 -2461
-5459 -649
2399 987
-1004 -1109
4582 -946
2653 4188
3188 5994
4684 -884
3127 -7120
6681 8050
-9205 -2764
2509 -3640
3087 8717
-9468 -2400
-4329 -4019
3041 852
2349 5711
9297 8048
-8921 9439
-4584 9540
3027 67
-2333 -70
9326 -8858
-3928 6051
9736 3982
-8313 -1929
2300 -583
2283 -3550
6413 2283
425 -4134
9565 1915
-1176 -89
6049 4274
-6989 -4253
3175 -6311
2908 4503
6029 -6182
6791 6564
1255 -4629
-8039 -5005
-1284 1551
-9920 -3824
-5804 8467
7334 -1096
948 983
-3274 -2807
-2651 -6217
-3402 481
2710 -2012
-1915 6786
9493 -5461
-1768 8901
-1556 2254
-363 8071
-8719 8683
-7234 -1380
-2878 -4423
9841 -6513
-1620 -4006
7011 -9818
7581 9692
2024 -5092
-4976 1103
-7987 5672
-9391 -3529
3621 4802
-6921 6531
-8385 -5165
-9109 262
6421 8469
9962 -212
-5024 -8015
8166 3449
6206 7886
9367 5793
91 4351
-2662 2786
7299 -9926
5962 1929
-9368 6787
7231 4893
-9192 326
8875 -2294
-5970 9946
6696 8927
-4644 5170
-3742 6626
-8544 -4170
4216 1823
9405 -5092
-5355 1132
-3387 -5157
7314 -7419
3956 -7920
-6142 -2327
-5374 -9248
-9040 -8014
4006 -3250
1117 9696
8124 -1157
-194 5529
-8259 -6278
-9386 -9611
-3061 189
8259 -8913
-4630 5386
5611 7082
-6244 815
8722 7574
9145 6612
-3846 -4713
-5325 -9865
-3937 297
-4665 6007
9481 -2551
1970 -1689
6110 1653
8914 7851
-4570 -8301
-2229 7921
-6119 9837
5940 1475
1666 -7147
-4526 -9648
8550 9552
3128 -4109
-300 6786
676 3036
-7039 -6687
-1719 8969
9795 -6513
-3819 3699
-8714 9293
2220 -2847
-1588 -1665
9405 -5874
5420 6310
1368 4732
9423 -2240
7347 3806
-6961 -7788
-3498 -9870
6409 -1988
-3077 4785
-2417 4614
-3624 -4710
6413 -9500
1156 -5426
7904 -6050
-9748 -6624
9711 6444
-5366 8357
186 6257
-6110 -6346
7423 5481
602 1542
-336 -9685
-4021 -6130
-2196 9663
633 -6796
-4799 -4541
2937 3607
-6751 -6867
8940 -6608
-5244 -1798
1908 -7107
-8899 -151
7762 -8760
5611 2733
-4107 2040
3375 6606
-8655 -1242
-4059 4153
-6208 -3352
720 -6790
-9296 9116
5434 5393
-9740 -4683
-846 2351
7854 -8746
-9909 -7679
-9857 -4560
4029 -6235
-1569 -9467
5699 -2439
-6809 6434
-9862 -773
-3496 8974
-9618 -796
8109 7433
-9680 9455
7462 -8568
7180 6325
6508 -3923
-7435 -4715
3354 -6325
-4411 -7643
-8250 5543
316 1046
1257 3506
-8756 7966
4489 -1575
3944 642
-7337 4970
-7405 610
3157 -3338
-8873 -9072
-2781 5580
4612 6399
-141 5539
-4857 9894
-3713 -6195
6212 -1012
-933 5831
-1616 -3219
8819 2081
-5701 -5987
-6943 -7839
220 -5962
-5162 2226
5878 176
-9475 1266
-3222 7240
864 -8451
-4641 -5473
9468 4586
4045 6444
-753 -6370
166 -3464
-5588 9321
677 -1684
-721 -1006
4242 300
4446 1375
-4366 9385
2003 -4514
6817 -7189
-7335 8159
-1765 7693
-8059 8841
-5558 -5575
6769 3681
847 7347
-4017 -5214
2858 77
-6034 -5964
-2555 -8576
4238 -7680
7979 5998
-6132 -9837
-372 6748
3592 4607
5180 866
-3533 6186
-5974 -170
-5813 -4467
5302 6523
5045 -454
7534 -338
3511 2710
8826 3262
3001 7576
-7379 -1969
-3709 2188
2377 -6241
-3925 6476
-1590 9268
-579 -6140
9130 588
9860 2975
-4235 -3067
746 -9171
2816 -8482
4922 -6659
-8171 37
3453 -5120
5320 -4224
4254 -4530
-4424 -5309
-9866 6393
-8303 -851
-6459 5753
-3360 -2045
-2295 -639
-1115 -8756
9586 -9140
-7156 5660
4953 4451
-8519 1495
-1069 1949
-6965 3461
-912 -1240
-842 8859
9083 -5086
9051 -4935
-3349 -2878
3619 -9054
-7792 -9854
1579 1469
6084 6653
9104 8985
3701 7149
-9927 6069
-9176 -4252
5508 -993
-8163 6206
2146 6806
-2170 -8401
-6836 -9703
-8236 -3908
-4111 7000
2149 8963
8590 -339
-7275 -3878
6658 3924
-1698 -5664
7009 7999
-6539 -7848
8421 -1685
-1616 6938
-7382 5418
7095 8161
-4170 -2374
-2973 -5953
-6599 2060
-3826 -3233
1808 6168
4569 990
-662 5736
-6308 -1746
-7319 -6319
-3845 -5016
-8754 548
-9970 -605
-3515 -4221
6399 -1240
-8953 -8011
-2073 846
-2554 6744
7911 -7578
-2684 -9063
-3169 -8818
-6396 9812
2295 891
1132 2631
4726 6067
-5257 -3921
-1788 -4089
6081 1073
7125 9876
8434 7120
-2502 8459
-1806 -6863
-1238 -9283
1272 -8082
-5126 5304
197 7860
6926 7684
-3474 9799
9595 989
1037 -7816
-8657 -754
-1631 5671
8110 7437
1443 -8456
-7136 -8905
-9698 -4879
9189 -5589
-5214 -6562
560 8804
-4843 930
-8634 1595
7036 -7260
6347 -530
98 -2524
-814 -6183
-3481 2501
4377 -1276
8683 -4272
5517 -568
6867 8642
5672 6839
3155 3735
-8652 2803
-2451 -935
-6635 -98
5290 2841
2421 8025
8915 1044
5919 4491
-8214 2539
-2031 -4273
407 -7602
-2418 2461
4276 1394
-1159 -4133
387 -4413
3354 3035
1445 3101
-8280 7332
-4698 -4502
-2873 9995
-3780 3936
9799 9209
2336 7829
-3972 2617
-9752 -4210
5823 7077
-3545 6717
9311 7506
7960 -833
4574 6831
-9618 4626
-6181 -7003
-6115 -1808
9202 -2528
-1055 8049
-3061 8833
-7933 933
-5217 -7955
7117 6337
183 4119
-1084 6789
23 -9165
-6810 4843
9008 3425
-2496 -8143
-7924 -7938
4752 -4455
-4888 -5191
-3487 2989
-9275 -8726
-5245 1188
7186 -4634
3695 2489
9979 4336
-4263 -1577
-8482 7531
-1169 4216
-4755 -6571
-2829 -4367
-2752 -1736
-2191 2737
1822 2005
-8672 2667
1087 -5640
2030 -2868
-4095 -4877
3167 3373
7551 9090
1879 -4598
4454 3148
3814 -8602
-5825 -8048
-8246 8682
-3797 -231
-371 -1520
-3909 5721
-31 9402
7090 7418
-2184 6327
-2806 -8908
856 8732
-6308 9334
-8788 -780
8892 -300
-1168 -9141
-81 5370
9143 -2279
9112 -2088
3135 -8314
-1483 1696
1440 -5647
7705 6987
3907 -8562
7275 5579
-5304 7185
8364 8111
-1023 -770
8693 3768
7160 2030
-95 8153
3285 -5026
4195 -2439
-8692 2767
5187 9147
-1725 -2985
-8380 -7280
2106 -3527
-3403 -8406
8014 1265
-8638 -80
3452 8547
7652 2815
-3541 2672
1589 7537
948 -2221
7593 -918
9502 -5962
3857 -9532
6273 9739
-8978 411
1225 -233
9542 6734
-9552 -4467
3282 -9669
4654 4388
-4698 -9297
411 -1789
1049 5811
2035 1787
-6441 227
-6086 -232
8078 182
1960 -2354
323 7423
411 -8013
-9046 4129
5794 2430
7941 9170
3404 -4206
2091 -3334
-611 -4677
1673 2875
-9288 -9230
2206 -8016
7330 4939
-5990 -3750
-3849 1628
-2304 -3584
-1523 4639
-8291 6492
-656 2857
-3533 4441
-7754 5539
4339 -2516
3958 -6762
-1192 -3081
-2221 -8963
1210 -3023
-1319 5854
-790 9780
8968 4163
972 -9201
-5169 45
2628 -5324
880 3884
5738 -5965
3619 -2277
-9501 6759
3734 402
9161 -9733
6314 8254
3286 -1573
-1155 -6145
-3009 -5116
9966 1522
5288 -6719
1628 8839
392 -5870
8741 -5487
-2018 -9731
581 1257
-694 8696
-3974 2437
4783 8675
-1599 7333
-9378 -5727
4631 -7630
-1580 9609
-7810 -3418
-946 -2923
2752 9638
3973 -9468
-578 4745
1650 9156
-5143 -9774
-8999 -958
1216 -7300
5725 -3255
-1771 8306
56 3496
-3335 1272
-5619 5096
6884 6822
1803 8423
8862 5672
-3161 -9475
-7465 3588
-7668 -2567
2845 4887
3811 4753
9844 -4009
8389 8427
-4897 9950
6447 -9052
-5567 -886
2786 -1915
-6620 -3931
-7237 -6565
3532 8925
-2321 -356
9821 553
1719 -5780
758 -231
-9143 -5734
3883 2827
6199 -9785
-6409 7732
-3296 6242
-2642 -5500
-2877 -8359
-3740 7105
6305 8595
-1856 1915
4637 157
-624 102
-3385 2053
7375 -4988
-1922 -2696
5392 347
-8574 -6188
7264 6774
1031 -3674
-4861 -2344
1304 -2928
5653 -9047
3804 1912
-5665 5201
7655 3910
-9991 4231
4744 -1726
8518 -9917
-9621 8994
-7289 7703
3589 -3198
233 -6395
9770 -3980
9523 2095
1398 4015
1245 -8497
-6533 8165
6259 -757
8805 -3598
3239 -3870
-8145 6203
-3513 3191
-838 -565
2929 3559
-4276 3029
-8321 2661
1639 -3761
6809 6755
9080 -898
-2452 2637
2310 -1841
4581 5281
1574 4325
863 6468
-7128 -1972
9469 -1236
-6323 -2380
-8018 -5887
-5117 9865
7764 2667
-567 -8761
-2025 -9423
6923 5161
-7057 2480
2717 -4017
-8062 -6960
-9356 4182
-9129 6474
1109 1767
7869 -6379
-5947 -7599
5921 3259
1245 -4422
5614 8021
-2415 9111
-5228 7757
5971 4412
6498 2016
-2353 2311
944 -4556
2582 1213
8983 2038
823 6743
-2040 -3385
-8903 5355
6355 86
-7937 7264
4936 1561
5235 2345
6530 925
-2803 9340
-5164 -619
2761 -6732
3200 9850
4213 -7088
-3719 -4597
-5328 7291
-8616 -7857
-3699 2088
-518 -5761
-3846 -4937
6246 -3128
6947 5667
-441 -4769
3707 -7965
-5696 -53
-3793 28
-8277 -526
-5093 -4585
9776 -6144
-5086 151
-7270 7309
5818 2062
-6790 4564
3657 -1714
6069 -9848
4754 420
7636 5034
193 -8219
4769 2395
4595 -3515
7217 7664
5826 -6263
2686 5993
-6373 5863
-1220 -1655
-5148 -2222
-7942 1237
-4347 2821
3145 590
8747 -5968
2938 6485
-7950 -6442
-352 6590
4782 -9828
3609 9790
-4277 7110
6480 -8073
5007 -7292
7023 -2574
4000 6722
9189 824
-5998 1655
1410 1179
8131 -1621
-7684 -3772
255 -889
-2942 -7949
9070 3623
-828 6423
-3391 6324
-1262 2924
1524 5751
-5458 -4234
-4684 8502
-3410 2102
-8921 182
-4181 7054
8457 -7814
-6902 -6441
-5188 -3269
9700 -1176
-6640 -57
3851 9204
2202 5288
4021 -153
462 -4535
-7050 6961
1825 -6036
4432 5591
-2725 3388
-5747 7245
-8993 9457
-7514 9808
-8601 8088
-9789 7784
-9735 2854
-194 -7714
-1672 4707
-3168 -135
-2208 -1798
-1202 -1802
-4749 4265
7530 5058
-890 -6842
-3886 3537
-3807 277
-6854 -846
-9515 4346
9342 -5256
4234 -346
-617 -2621
-1551 2654
1081 4005
7013 4685
-4708 -5773
1486 -8285
4643 -7803
138 -3436
-9084 5309
6212 7090
-6282 -3198
-2966 3064
-2506 1301
3238 -1276
8595 1385
5933 435
9358 7443
5835 7445
1078 -7302
1971 -9024
-7987 4526
-8154 2844
1396 -2226
-7705 -414
-3923 -8155
501 3214
-1835 1453
3306 -5690
-6516 -516
5832 1684
8812 -1014
-6789 1638
2785 7386
6424 3832
5622 2512
-445 -4365
23 -5706
6022 -8013
-804 -4430
-632 2070
-7786 -6155
4656 4148
7742 -8334
-9312 4351
-8182 -5028
3472 1407
791 6935
-4393 9123
7084 6240
5169 -7452
3545 -8312
-3738 -2402
5992 7936
6537 2137
-4171 -6332
6247 2296
9451 1421
9733 2670
-7626 -4603
-4758 -1266
-9772 -3859
-6573 -5605
3976 -8424
5315 -720
443 5107
-1367 1576
8843 -4212
-1408 -7219
8705 -1132
-7139 3430
1334 -6791
-1847 9278
-7977 -5617
4064 6885
-6594 9680
-6339 635
-2627 6717
9472 8593
4055 1121
-7550 -9089
1832 2118
-801 -3065
-4143 1329
642 -8254
604 8285
5181 3751
-4186 3665
5331 -5126
-4619 3937
-9433 2229
-4926 8175
2069 -2398
6712 -6564
3605 -1347
-2429 6869
-7378 2929
-9270 8926
9838 -6656
-72 2264
-9617 -8806
-4950 -5572
-5766 -2220
6326 4122
-4162 -5971
-2537 2512
1698 9181
-1546 9873
6988 -4324
3904 2870
1 -2496
-3198 5334
-4832 828
-6507 -9304
6283 3251
8311 5522
2898 -4235
3986 4701
-8017 7005
-5523 -1230
6602 3117
-5928 -5364
4281 3653
9648 9275
9459 -5640
-7515 2449
-397 -4288
376 -7173
955 5228
-54 2242
4836 -9146
7037 967
5743 5493
-7507 8939
-5493 4052
-8443 -309
9365 1876
-4083 1544
-8724 -9729
-4394 4420
2328 2052
756 5693
-3977 -2446
-9019 4652
3047 -7786
-8753 -1880
854 -154
4884 6575
-6076 135
-7245 -1274
8771 -1231
5617 7571
8123 6354
-9724 43
-3121 4806
-9672 7761
-951 2269
1881 -1071
8726 -1170
3901 5199
3346 -6219
-818 1971
6749 -7996
-8830 6036
3708 8918
-2715 -3032
1164 1540
5980 1800
3217 -6014
-8027 -5339
3756 -2105
-8022 2275
6139 4474
5259 136
5868 -4926
9244 -9586
-2184 8395
-9887 -4526
-835 -9151
-2086 5027
4061 1149
-2197 3161
4351 -564
3314 -7566
-4749 9151
-4257 -154
-4298 5913
3767 -2587
2400 -5427
-5913 -8733
484 -8802
3320 -2690
-2875 4805
-9129 9042
-7201 5853
-4224 -1386
-1965 -5947
-2995 -2865
-8564 9636
3977 -9937
2998 5008
-5993 4903
7910 -273
7397 -2661
-1571 6784
7528 1360
7363 -3716
6126 -2208
-4273 8541
5853 -7394
-681 8102
9864 -832
-8564 -2353
5106 1036
9192 5662
-8404 -9612
-5668 2338
7026 -1883
-4097 6176
9067 -4209
1751 -4721
5536 6289
4142 4940
-1693 -8987
-4467 -6496
8897 -9434
-2198 4046
9729 7118
108 -427
-1241 9879
-7338 7687
316 -3768
-8753 -5480
-5430 6703
5558 -2145
7737 -4835
6653 -5695
-9732 -4241
-5457 -4040
-4216 -5034
6699 -4893
4640 3377
7032 -9627
-9360 -1011
3553 9787
4638 312
3718 3454
-3574 1197
-6480 8209
-7525 -317
-6941 6299
4417 -9536
4639 7967
-8786 5553
-4685 -7362
-1541 8528
8061 4191
-3391 7773
-5093 5885
2655 -2140
1131 3557
-4516 -7673
8231 -9159
7017 3366
3783 3945
-2869 8213
6023 1754
7936 7104
-6336 8612
7406 4154
3185 1005
-5436 6558
-9557 -800
-91 -257
-1413 3751
-8361 -9312
2092 3175
3068 4784
7742 7811
-9734 -6474
7225 -6628
-9354 -5213
9005 4123
4246 8210
-5201 -8064
-2183 7497
8025 -9990
-8492 2932
3360 9690
4654 -5752
7877 5856
7331 -8394
-1229 6923
1997 -7533
-6942 9543
7694 3605
-8209 1282
7181 4999
-579 1884
-7504 -2898
6261 4419
201 3326
7265 2258
-4526 1280
4753 486
7779 4624
7271 9020
9998 232
8283 -37
-6164 7080
-4002 -2075
-2812 2144
-9461 2143
-8043 -5043
-6761 -8758
7581 -2524
3796 -1860
-7423 -2972
7577 5524
2442 338
-9819 4651
8227 4284
716 4492
9845 9143
9299 -9832
-2129 -5451
-9493 9631
1194 -3345
-7545 -9173
-7021 -7106
1405 6344
8651 -7570
9141 9206
-1480 -2230
508 -8417
3923 -1968
-8774 2117
-4273 -861
7121 577
1862 -1177
1016 -5249
1421 789
5408 -2676
-3834 9191
6788 -8592
8665 5767
9219 -198
-3147 6787
7295 -4675
7544 4941
7291 -5609
-1699 -51
-9284 6710
7155 -4925
2085 -374
8935 5687
6288 -9674
3363 -1500
5952 7373
-8477 721
232 -522
-3133 1232
9564 -6368
-2440 5188
-4192 -2903
6567 -2389
-4989 4387
-182 -6705
-7464 1196
8289 -4760
6436 6876
2408 -424
-2191 -6500
3163 -7308
-5148 3486
-7093 4385
7787 -4216
592 -9545
-3598 -3662
-9932 -3902
-2853 7492
4799 7035
-9513 -3247
4110 5276
9473 7250
3432 -1092
9398 4186
-2486 2676
9282 -525
8319 -3026
4239 -2956
6864 7313
3831 -7076
-8400 1601
-473 -6616
-7327 5428
-3271 -2380
7973 5998
-5058 5950
-8979 -3067
7696 -8911
9609 7
1335 -4996
