882 20
4086 -8206
-1858 6574
-1252 -467
-1648 -9455
-4793 847
-884 311
-1393 -7173
-9135 6077
3213 -87
9486 1127
2320 295
7286 2955
-2791 7823
8024 -7308
-9299 -8615
9443 -8740
2472 -7123
1120 6697
-3905 3497
-7045 1227
-2860 2547
-5102 6384
553 3273
-6413 3655
-2937 -1787
9559 -8429
-1058 169
-299 3961
5385 -5421
8785 -6231
-4274 226
-8935 7574
-5762 8507
9267 -8372
-6215 -5337
2857 -2376
2918 -4074
743 9633
-6319 -2964
2922 6272
6715 7793
9492 1963
-2295 -8534
4328 4166
-9644 -5988
-7981 -5983
1264 -9785
-6802 -413
-3142 2413
1395 -8971
-8392 -5224
5429 -3921
6390 -6360
3608 2058
-5557 1306
931 -3203
3672 -5764
-4379 971
-2023 -3340
3345 3553
2333 807
-2266 3099
5298 -1072
-3210 -8962
-9046 1761
6002 -4015
-9654 -6348
9999 -4831
5052 -3636
4733 9969
-4947 -8026
-2369 8618
5995 8743
-2316 -8883
9176 -4379
7885 7980
2906 -1475
3489 -3030
6037 9170
-4801 3377
2477 -8634
-8425 3611
-8097 -3022
4464 -6795
7976 2330
7121 2977
-3755 4529
-1326 5635
-367 2091
7562 -6365
-5041 4799
-1592 -2481
9655 5824
-5490 -595
-8945 -6027
5279 -1309
1481 6010
3799 8707
9147 -8266
-2949 -1806
-9758 2172
-7314 7104
9530 -7457
-9403 -445
-9960 -1708
8627 -8674
4433 -2171
137 8022
-8741 -4405
-7442 871
-7884 6581
-9536 8024
-9088 6053
-4179 -6653
-9740 -9431
-2380 -2621
-8062 7405
-9834 -6379
-4132 8334
2716 3232
1383 -1322
-1199 -4495
-9393 -5809
-1509 -4205
1741 3892
6782 6662
1635 7496
2464 9879
-607 -7077
-5437 2904
-850 -3205
-3229 -3754
6338 2226
-1936 -6292
7704 -7988
-7580 -5409
-9473 -131
9512 -3288
-1368 -2213
5290 731
8101 5605
1036 1551
6476 1309
3518 -7110
-5169 -2828
-774 4547
-2283 4874
1587 5432
4691 -2645
312 5825
-8690 -5913
-7227 3014
-5241 452
-170 -8801
-3526 -3847
-8762 6274
-7302 -9669
4473 -843
6429 -6736
8097 -589
-9746 -4190
-20 7872
4876 6574
-5570 2850
1252 607
5551 -2997
2942 6202
6917 7337
-6520 -2481
6158 -3527
-5416 -7712
6462 429
5175 -3004
2069 -2490
-69 -6863
3201 3318
-1515 -5268
3723 5126
-6306 9921
5446 -2335
-541 2846
2603 -7632
-3339 -3295
-9754 -616
-6931 -2903
-8038 -1596
-6470 4748
-9030 1975
3558 7605
-5203 -5961
-4360 -9258
-4680 1582
-9417 -6559
-9160 5263
-5609 -9127
-8001 -2485
-394 8764
-4854 -8103
9248 4811
3490 8729
3364 -4452
3032 -4231
-8024 1380
-4892 3094
-53 7237
-2146 -2827
-8657 6500
1604 505
6917 -4982
6759 -5879
-5795 -1350
-9651 7412
1951 -2551
-4837 -6063
8584 -5197
-3217 8807
-1756 7840
2379 8657
-9889 -2045
-1268 7580
2615 2428
-5659 -6733
-2052 76
-6189 8129
40 -6519
7721 -3271
6373 -3998
-3550 -5422
-350 3652
-2656 3400
-8091 4421
6195 -2784
4635 -8723
7977 5247
9902 7718
-8521 5168
-8316 7554
6958 3498
5598 9080
824 5370
-8513 4141
-5780 -7773
-2024 -2911
-6982 923
-9355 -6443
9481 -8118
-7168 -2951
-4703 -8367
5640 -6635
-2672 -1856
7857 9678
-8669 -4402
7150 -7763
9996 -8389
-204 -5143
-2044 39
-2788 7455
-4823 4986
-2545 -4752
-476 4909
4318 -3612
-6100 5574
-9347 6337
-625 -8197
5404 -1957
5081 946
2533 9431
-8736 4272
-2574 -6984
908 -1170
1453 597
5435 524
-7578 4120
3563 -9422
-2364 -1954
2599 -4718
-5039 -9661
9744 8789
-3698 -121
-6463 -6618
2368 -206
-5944 -947
-3611 -4829
9567 8810
2167 6605
9293 -3521
9882 7601
-7845 7314
6444 -9452
8061 229
-2704 992
-1727 8285
-2319 1674
5462 -8241
-4906 3460
-7265 -3085
2784 -7002
-1454 3777
-7235 -3690
1510 -2762
-9254 -4735
-4669 5374
-9049 3459
5470 -6417
6481 -3655
8727 -5893
-5315 4204
-1505 -6620
648 2709
-3516 -7942
-5815 6788
2758 4240
271 4527
6674 -6788
5760 -8544
-2551 1441
-5566 -4196
8511 5708
-7 1808
9223 -7732
4717 4650
9685 -696
5108 8348
-5178 -2671
-8144 4189
1125 7851
-5244 5452
662 8085
-3501 -5079
2195 -4562
6362 -8274
-6567 1171
-1696 -3100
-7605 1868
5468 -1585
-9923 -6231
4969 -1497
-1704 9497
-1472 -745
-1704 257
4745 9491
6313 9501
5172 -2700
-6441 5715
-5320 -701
-7560 -7148
-496 -5124
-5629 1680
-5066 8225
139 -5316
8450 3287
2511 6900
8747 743
8817 -2398
1186 7616
3457 -525
-2046 9015
7847 -690
-9811 345
9589 1052
-392 -5936
-9419 3937
-1376 -8584
-363 2476
1822 -2272
1864 7859
4159 -4640
9943 -1648
-5573 -7335
-3282 -5053
-8692 1862
5784 9444
7846 8034
-5853 -1775
-4864 1702
-4072 3324
7142 6877
-780 -6169
-3882 6927
-3156 -8898
-5726 3956
-4317 -4815
-7353 5100
-7904 -7946
-9676 4826
6720 3356
-1140 -6847
-3915 -2221
-379 1383
6885 6444
-2061 9569
-5269 -8311
533 -7457
-2453 3669
-4399 1819
6780 5495
4486 -5539
-4711 -7957
-3979 2797
9579 -2842
-3923 2853
6555 4718
-913 -704
-8356 -9358
674 -6170
-8973 -4445
-5042 1392
9787 -5453
9974 7025
-2332 -9934
1229 4418
2427 -5653
6586 9668
4037 -4590
1694 -6802
4637 -4365
-4152 5499
2073 -7671
-2525 600
3285 -9908
7186 -9587
6928 -6738
-9809 -1016
-1630 -9706
8887 4721
1207 -2714
1256 2997
4764 4175
-268 8684
3931 6408
-6944 8903
-3748 6543
9942 5700
-4451 756
-5541 -1308
6970 -8919
-1845 -9718
-9637 -7533
-5014 -82
-282 -9233
-4024 -8494
4884 8603
9710 1639
138 2771
-4294 8539
-4512 2695
5637 -8016
-2469 5880
16 -3010
-6928 -2731
3221 7681
-2019 -4208
-1536 -4400
1023 -9926
5558 -8047
2855 1281
-6025 8604
-9399 8265
-7023 3419
-4547 8253
5952 -1193
-900 8218
9426 -2264
9796 2956
3291 7201
-631 -9296
346 6336
-2994 2486
-5646 6082
-4023 4340
-8965 2117
-5305 -1202
5641 -4115
-8646 -9766
1052 -3550
-1401 -7532
-5431 -9234
-3539 -1513
-8388 669
-2484 -5859
916 -5585
8663 424
-8435 -3724
-645 -9485
-8770 -8196
7154 -4619
-5679 -4666
-5815 4023
7547 -8351
5695 3877
-1199 7569
4334 6323
8348 8349
6547 -6026
-8717 -390
5701 -7002
-3088 -1882
9092 -3629
7053 -2831
4602 5385
5559 -6427
-4993 1050
-9905 -3885
199 -8404
-1116 6655
-2971 -831
-662 -1692
-7616 5273
-7327 -510
9467 -4207
-2507 5436
5968 -4508
178 1213
-2585 -444
-4112 1792
-900 9531
-1356 -6267
6409 1541
-8321 7493
6705 5338
-4114 -9765
6680 2661
296 -7739
-4389 7251
-3158 114
3975 -5087
-1046 5822
4768 -1025
-2015 26
-6143 1934
-3584 69
-5033 -2981
-3847 1173
-828 2305
-556 -3627
6529 -6308
7 -1649
-8013 -8262
2504 -6752
-1135 -2386
-4039 5082
7934 -3349
-885 -133
-9456 5109
-4867 2260
4375 7043
-3637 374
-4924 -5881
2538 -7919
2845 -8345
8181 -8563
-1829 5754
9521 -3543
-26 1244
6333 9859
7035 2808
-2010 693
9554 1477
-7554 -6763
7304 6271
7779 6852
-1392 -3166
8123 -6885
-547 1721
1506 -8638
7218 -3046
1873 -6822
6431 -9379
1933 453
-4414 -7728
-1064 7378
-2700 -2459
2335 465
-7131 -6096
7450 -4674
-9981 -1755
-5499 -1013
-671 5380
9384 6922
-8340 6092
-8729 3161
-9126 -129
3687 -841
-5893 9119
-6373 9581
-90 -4461
7695 -4102
3088 -2710
-2516 -7407
-4130 5605
-1268 -5176
8265 -5894
4388 5423
5762 -9943
9867 1231
-4707 -7740
-4825 -5258
2182 -7002
8627 -8119
897 -9589
3161 -9644
9892 1751
5411 4844
-38 -3707
-6637 1853
-6692 7063
-4964 4619
9153 -9895
-4876 -3118
-6238 6204
-4178 -2723
-397 -9735
4 -791
4477 3323
-4382 -1090
5611 -2627
-6939 -2134
4519 9400
4526 -2035
2 8425
-8333 7350
7524 179
466 3213
-1535 3457
9631 7624
9867 -7829
7153 -26
3573 486
-2177 -3756
1277 956
-7548 6571
5427 -3053
-6034 1523
6415 -3018
-9934 -247
3999 3462
1388 5485
4809 -7133
5911 -8387
-3685 4493
663 6703
-6500 6665
3109 -3136
-5910 292
2482 7610
-575 5961
-7537 -6488
-6301 9393
-1824 -725
6016 1493
9503 -1060
5176 3836
-3176 5858
9371 6845
6619 8974
5718 -3739
340 7350
3514 -7411
-5978 9285
-1856 8130
4865 -2248
-9851 -7567
-261 2128
-4724 2602
-6481 -2475
8993 5684
-5831 7794
1682 -6583
-5939 2771
3626 1486
-1577 -5452
6991 9689
156 -9890
3832 -19
-4824 2893
7052 -4812
-263 -795
-9472 8142
-7815 5951
-6416 6664
-8815 -4206
-4334 -9171
3869 4557
4830 -1356
-1061 3156
7121 -7783
-3658 -1730
960 6641
658 -9448
-4889 5375
4053 6993
9253 -3591
7770 -9619
5898 -2357
7244 8676
-6083 -6164
-4354 9178
-5943 -330
1924 4175
7738 1797
5944 -5544
-9752 -5691
9089 -9341
524 3049
9216 9759
-3057 8565
6847 -1295
2540 4103
-8941 4556
4070 -4285
-1170 8662
-8241 5467
1519 -8244
-8234 1903
2478 -1569
-8453 -2496
-8397 -3222
-5573 -5331
2407 3923
8594 -2775
9946 7941
-1843 1569
9956 -5893
2084 2579
643 -9485
-9037 -6101
-5136 4583
-438 -3718
4551 9639
7135 -1062
-8478 -8731
-9144 5692
-5846 -4659
-2626 -5315
-3950 7696
-780 2695
-2952 9208
-6828 -5265
4866 -6038
2867 7184
3024 -3421
4692 6646
-4814 2130
-7260 9874
-3557 3710
9390 -8197
-2402 262
5010 2017
5708 -585
1303 -5563
2286 1003
5568 5081
-3808 -8324
5191 -555
3755 -2681
7009 -354
5041 -3618
1116 -8497
-9699 -3346
9214 9881
7460 -129
-4633 9966
1350 2274
4335 -5656
-9667 -6644
4010 4395
9854 5218
-9309 -1988
-3231 543
3291 6436
356 6620
-2121 7562
5279 -3863
7744 -6022
-5520 -2064
-6527 -136
4303 -3991
-3322 -7647
-7074 3049
9384 9574
-7140 9455
-6183 9518
9455 1642
-9657 3385
-6819 3992
2605 1758
-854 -2566
7951 3179
-4346 7532
3800 -1588
-262 -2317
-6786 4502
3535 -4155
7050 3085
-5198 -4138
4386 -6736
6997 4940
1938 2894
8388 -1318
8921 67
3731 -3855
3112 -4899
-7578 485
1369 4918
2865 -8511
-5168 -3372
-990 7711
-5986 -4793
4820 8401
-14 4747
5710 -9488
-1901 4025
4380 9701
-1329 -6446
-1440 -7338
7502 -7247
241 -2347
7159 -301
-6411 -8530
-1324 -8994
777 2456
1686 9004
3072 1209
7138 7935
-7024 -9443
-8881 -6834
1929 -8242
-6798 6198
2582 6491
-3369 -9231
232 -1827
-3388 -5209
-9781 5312
8091 -6355
-1708 3702
6985 -4848
955 9224
-9167 3700
7003 9298
8565 7163
753 -8916
-9083 -4524
1634 8403
-2860 7414
-9058 6125
-7521 -8726
9772 6998
5980 -3406
-9416 3950
1906 -1100
-3971 8244
5237 -9557
-7571 -3132
-211 -479
-4762 8759
2613 3673
-8232 8722
1807 -6617
4754 -8102
3900 -7301
-4007 6556
2414 -6872
1469 -1517
-1535 -8190
-6271 9341
-1246 -1795
-4759 -6200
-5912 1059
-4881 -8312
2911 -4290
-333 -9754
-2965 9504
-1115 -6932
1489 9607
1480 2683
523 681
1776 -1716
-1835 4769
-5767 -2127
-8804 397
-3417 -6039
1164 5116
9639 -1583
8379 -5734
3269 5480
8817 3211
-4512 -5183
1739 -2470
-1004 6224
-4299 2731
2346 -976
2192 -2831
3710 -9613
-7828 -7995
9300 9220
3032 2097
-535 -3694
717 -9025
154 853
-1046 3036
-5403 -4506
4119 -9262
