768 431
8589 2618
4951 2409
6459 1079
3660 -3531
2293 -2685
-5438 -2129
6743 1891
9793 38
-3156 9766
7891 4514
-1858 4713
-5105 -8309
-2923 -4970
-6447 5578
-3129 -6723
9451 3773
-1535 5786
-3733 5278
-9982 -4362
55 355
3322 -3397
5486 8636
2386 -3879
701 6145
7217 1353
4033 -6346
-1925 1585
9905 -2540
-607 3425
1604 8294
1476 1576
6236 -7288
-8341 3866
-5034 -2328
4806 -5250
-1802 394
3270 819
-6336 -274
2862 8412
-2424 -1735
-2730 -2576
4569 9874
-8208 2870
4641 -8483
6882 6477
-5212 427
6834 1797
-7422 -371
802 6235
-6781 7650
-2274 -9122
321 4645
-8158 -3740
1882 -808
-8776 -2276
-4489 3095
8147 -3998
-2470 -9078
6764 -3762
7216 5050
-7706 5171
8240 -6738
6942 -7818
-4888 -1782
6667 -2319
3331 -1578
-9787 -1993
-8464 -7941
-5667 9718
-9056 5102
3258 -4052
8348 -5218
9050 6862
2676 2274
9438 -6208
-3642 2817
-4759 -5646
-7640 380
3812 -1631
-920 3951
-247 6204
8884 7057
-5632 -5624
6112 -9253
9279 199
-2205 6255
-7868 -5505
-3700 2624
-916 -3562
-5686 1890
-6523 -3188
409 -1797
5033 1763
-1391 1697
3155 -659
-4317 9494
-5941 4121
-9527 1892
2177 -2168
994 -4428
1758 -7701
-1240 -1700
-6462 7071
-7367 -6107
-1200 -4002
-3654 5258
-7254 2111
8714 4405
-7240 -9913
-4926 -934
3842 8332
-5755 -3365
-1933 -5877
8682 5092
1853 4467
-2078 -1342
-1131 -6049
824 -8876
-6567 -4031
4996 8552
-5620 -6517
-1343 1101
-846 -4738
3377 7958
579 -350
3889 -8722
3489 -5593
-344 7033
-7602 -2438
4184 -4871
3529 7349
-2007 -4746
44 -7319
-7538 -1399
-1955 -1246
-9269 -2683
-509 3613
6567 4445
4761 3313
2857 -9455
8562 -5374
9175 7917
4533 626
6869 6293
-608 -9208
7012 -7326
1068 381
-6779 6134
-7788 -6233
-674 8607
-1681 -655
212 -7872
2572 9358
1758 -6128
-7327 -8850
9095 1765
-2186 4194
8425 8079
-4237 -1433
1320 3007
3568 -6297
7896 -233
2149 -515
5178 -5271
-5123 3835
1073 9297
3621 6574
460 8640
4370 8516
-6295 -3501
8463 -9779
-5208 -8366
-8727 -267
117 1070
4593 7272
6272 8831
4822 -8900
351 -4648
-6479 -7837
3537 -1596
704 -746
-7312 -4817
-2968 -2729
-9151 9526
8228 8724
3705 8363
-2022 -4222
7056 4891
-3277 -4668
-3829 4615
5779 2918
7608 4922
55 6036
8431 596
-9407 1256
5983 -9897
-954 9946
5676 8613
-1699 5560
5668 2274
-2903 -7984
8264 4616
2019 -1130
-6330 2502
1744 -763
4430 -6429
-5466 9937
-28 7075
2678 -2509
-4956 7631
-2000 -6030
-1168 -9608
3224 2554
-1398 -5573
-3841 8038
1004 -9317
-5066 2625
-4807 -492
-3275 -5748
5550 -8714
-5673 4934
-7654 9540
1636 -3916
-9782 9446
7360 2362
1167 3614
-1860 4638
-4964 -2358
-5902 -2207
5330 718
452 -6252
7049 -2607
7017 -7229
292 -9391
851 5952
248 -4262
-9933 7088
-3964 4353
-2211 4969
2192 -9411
5275 6958
-4305 -5436
1895 -9819
-68 2425
-8715 -4895
-9758 3388
467 7244
310 3293
-5826 -8001
-3851 4162
161 4582
-1750 -2398
-7683 3299
-9601 -282
-8237 -7086
4807 -2031
-37 852
1297 -2233
3504 4353
5246 5654
-6 1624
-7472 9338
839 -1972
4506 4358
4606 7879
4448 -3777
-1559 7821
8778 -4862
8734 9070
9495 8284
-1979 -4417
-530 5180
-1339 7090
-9906 8318
4509 -7995
-3403 6194
-8584 2797
6199 5037
-764 468
-336 -4368
7122 -2631
-4303 1463
-4115 -8556
3008 -8260
-8329 -7737
-3771 8416
106 -3799
9492 2644
-6065 -2999
2769 -2104
2927 8733
4535 -6766
-8506 -5117
-9433 1953
-61 4400
8463 -7114
-4600 -5348
2464 -5461
421 -7393
-3780 5146
3902 -1248
-2679 -1835
8379 -4227
-556 -10000
-2566 -625
-4100 -7846
1928 -451
4898 8001
-6629 -1500
-4350 3647
-6509 8380
-5179 -6355
4646 6039
-6537 -3104
9439 -4338
-5994 -7503
7107 1090
-8743 -7332
-3297 -5620
5021 -704
7977 8510
2264 5222
3660 -1550
6391 -7482
3988 7744
6794 -9073
4552 -8367
9539 8699
583 5178
225 -8200
-1961 6668
-9590 -734
-5078 1626
-5592 -6564
-722 -2193
2058 8929
3364 -6638
-9463 -8881
-4451 4098
-9305 -3810
-8654 -8561
-2560 -9457
-8622 6094
6585 -9246
1762 -4706
-2695 386
-4064 -8694
9312 1942
-1666 7361
2342 -8411
3515 -4146
9525 -3695
-4690 -6770
-8753 -5842
-2141 -7722
-5316 7745
-9413 1108
7485 7167
-5573 -6611
-2464 -3491
5763 -3797
-5574 -6857
-3 -9824
-2764 308
-303 6353
-2916 1631
3144 5395
4404 -4328
1039 6345
-3869 -3904
-846 1761
5169 1883
-9062 -5048
-1865 -7143
7984 8239
489 916
8630 8359
4879 -8656
217 -9937
9263 -1826
9760 -3590
-7350 8175
6456 6843
7231 -6927
3959 3068
-9657 -5479
8170 8618
3289 -1536
7707 -3329
-7515 1215
-8818 7553
-1760 9297
8655 2473
4897 3496
-6594 -7558
-9760 9870
-8625 -1440
-739 8283
3657 9367
-3367 -2420
-7238 7971
378 1924
-4464 9885
-6258 -6298
-2104 -5257
3854 -9251
-1731 -9438
-1313 -4596
-6394 -704
7317 7528
-1044 3829
7547 -725
9108 5279
1185 -5942
-2517 9496
9287 4443
7721 5602
7596 -8551
-4874 -7841
-5761 9782
5941 -1277
-7470 -4381
4385 -5319
-2005 4236
393 6527
3971 8802
2927 -6785
9112 -5689
1602 -498
-827 4677
-3137 -9304
6409 -9146
2302 -8360
-5000 -1135
-441 8371
760 -5574
-7854 9000
1190 5789
-2605 -7244
5636 8367
-6448 -9045
4127 -48
8692 -2265
4178 -9030
5537 2429
-1445 978
-7297 -7390
8551 5434
2811 2254
-544 3353
-8926 5416
-6154 -9006
-3224 2741
-2926 9588
5692 -2978
-2386 -8869
6388 1039
-6163 3849
-5883 -4753
-831 98
-1557 9115
-5208 -6014
8527 -6573
2399 4368
523 -3294
-7720 -3883
211 5699
660 -598
8706 -4919
7026 -9653
9968 1043
-8859 1215
-477 -1733
4770 7098
-3246 -83
-8323 -1183
-9977 -5386
-8376 -2180
-559 -6337
1196 5092
-6287 -9262
3779 5749
-2318 9711
2777 -3503
-3380 -6069
9333 2627
-3401 -7107
-7666 -7359
433 -3373
761 2719
-3802 -9066
3639 -963
-5116 2659
4817 685
7744 6768
-5517 -8492
-285 6652
573 -4708
232 5812
-861 8898
-1878 320
4093 1557
4352 -4444
-24 -2907
-8734 -1422
4636 -3252
5373 3924
8523 -1378
-1182 5255
-2577 1680
-8061 7367
5848 -3340
6949 -1318
-6178 2014
5209 3171
-7852 5217
-7683 -1885
6739 -7824
3362 3448
784 -3729
-5860 7552
6985 6107
-2003 5793
-9590 -1035
-2502 -3033
-3384 8729
-1347 -7480
565 6237
-1963 -7525
3614 8901
-615 3713
-5988 -1239
-377 9585
-5322 9912
-5718 -985
-4382 7399
4449 6078
-5145 -9782
6174 -1056
-4023 3766
1716 4645
688 -5296
-1343 7197
5246 4535
8327 -2555
-1399 -5075
9578 -5857
-2737 6464
-9811 -1185
1613 1361
2272 2841
-9817 -5771
8393 -3714
9117 1387
-3530 -1940
2484 8135
1678 -7549
-4420 -6042
-2474 -4480
9247 6913
-4511 -271
3693 -3788
5627 13
4289 2427
7742 -8510
9195 -878
6499 -6448
-876 544
-8458 -8059
5149 -6278
-4703 2038
-7610 1925
-2808 -8597
-6567 -1530
-7814 9728
-4359 -7755
-5564 2900
8217 -9695
-1865 5607
-8556 5652
-686 735
4295 -9604
874 5473
6058 3163
-5999 -8836
483 -7518
-2130 961
-8172 5619
-3096 -7935
-8164 7092
9524 2882
-2506 -4644
-8732 9921
-7475 -6802
-5293 -6842
3222 -1300
8263 -1374
-9852 -2883
6593 7810
9183 -2189
7971 -3534
-1402 -9150
5667 2494
-1942 -598
-4039 -9340
995 -5152
-2885 -7633
-8943 2183
-4223 2662
4711 -7063
5624 -4938
4684 331
2891 5634
-1794 3050
6758 52
-6210 -7087
-2447 2914
9344 2488
-7970 6212
9714 1066
-6502 721
1401 7455
-6169 -9830
-2951 8409
-8980 -1777
-731 -2888
5391 7910
6947 615
5104 -644
9059 7291
6801 -9359
2883 -5620
-4296 -4035
3859 -3171
-5930 3931
-217 -5585
9190 -521
9001 4585
3004 8496
-4168 1479
-4172 1447
9776 3685
-1998 8972
-2906 -4523
-6077 -9208
-277 -2006
7270 3622
1118 3124
-6500 -9308
7984 -3689
-8991 -8766
-8682 -3368
1565 -2727
-4745 -9265
2535 8535
8071 -4522
1363 -8753
-5281 -7216
-2785 7603
4549 5881
202 -3206
-2463 8025
9715 -3010
2944 -9746
-5356 -3930
4386 4584
2082 1064
-6598 -7252
-7661 1757
1151 -6640
5111 4143
-3720 4114
-4941 2857
-9539 972
8682 -7673
8308 1668
6765 9823
8174 2819
6058 2928
-5405 5967
7598 5232
-7491 -8252
8760 -5165
1421 1837
3584 392
-793 -8701
-4962 -7755
9050 9769
-6316 6140
2392 459
8437 663
4857 -2456
-5901 -9583
7033 1916
-2201 -2016
-3223 4259
9122 -1655
-732 6428
-3614 -7556
-2655 -7582
-67 -8656
2454 -2805
-8368 -7384
-8647 -3028
-5474 932
9393 -6390
4874 8903
9556 9289
7419 -272
-9328 -7351
-2469 -6694
885 9769
5412 -1505
8923 -1474
-4745 6387
-1969 1176
8652 -8783
-204 -6602
8006 -5109
5996 7617
9058 8232
-6742 -4809
9621 270
-2153 1029
3665 -6939
-9782 3300
1608 -7182
-9842 5702
1432 6540
-490 -606
-8003 -133
-5954 7915
6124 7834
-6170 1897
6919 -900
1474 4840
-6790 -2028
-3344 3020
-6925 3479
9835 5083
-4512 9174
-1096 5311
-9572 -4579
-2692 -9204
9490 -9792
5418 -7575
6296 -3941
2248 8154
4282 3095
9683 -1479
9229 -7224
9679 -1448
8985 7651
-4583 3097
-3715 -656
4705 -9173
-8939 8869
-9902 -4476
-6293 -8041
-3459 -6529
7313 3596
3153 4655
492 5699
-1556 3357
8690 3558
-8315 8226
-9338 408
3782 -4761
9735 -3853
-4827 -4148
-1181 -2737
-4601 -8515
-2326 6095
-5179 -4155
-6978 -283
6390 -5312
7094 -8204
-483 6001
6886 -6734
-1763 -2273
3732 74
8803 -731
4790 -8946
-4598 -5788
3134 -3680
1140 -602
8302 2674
9672 -2834
-897 -5121
-5520 1246
-4835 7042
7819 -9284
-4265 9151
5565 298
4894 6515
-4340 -9352
2635 -4251
-8773 6796
9672 9785
6290 -1031
4254 -9634
-3454 4441
-6146 6027
5896 -5428
426 -7385
5370 -2570
-9319 4185
4726 3672
4117 -3586
7693 -6478
310 -7472
2056 -5044
-8163 6961
-915 9222
7205 -7071
-1475 9407
-6511 9115
9919 7365
-9853 659
2877 -6888
8766 1137
3507 932
7474 2985
-2985 -8784
6286 -2264
-6808 -375
5539 883
-9585 9704
1265 -6398
-6532 -3968
3358 -9966
5836 9019
3037 -9719
4691 3729
-2074 8439
-5332 -5388
7994 -567
-246 6621
8769 -3651
4856 8202
3448 1258
4471 -6917
-7610 -2184
6164 9282
7356 -8691
-3945 9050
5171 -692
-9200 -5451
-366 -8333
-9003 -9362
3027 -5141
1841 -3942
-6666 -7971
-6448 -6406
-2058 -6951
-2731 -2035
-9938 -754
7860 -3263
1726 7118
-6926 -5485
-5434 -4646
5848 4081
1960 -6250
7679 2012
8336 -6610
1647 8516
2073 -9412
6550 -8183
-3304 -9970
-6255 -4180
-9065 -8474
1835 1416
7187 -8170
-5039 4172
-7169 9367
9023 -3772
-3221 7875
5517 -4352
1721 -3193
5517 275
9440 -4091
-2543 445
-5523 565
47 4765
-2386 9736
6268 -3263
5497 1889
-8770 -5637
-2707 -5889
9619 -1476
-6285 -8426
4196 -3969
6506 496
8843 -9858
5448 -9880
1783 2455
-1672 -9305
7614 4995
7694 4943
-4979 -6932
1347 2831
359 -2708
5530 1483
1791 -4477
7131 5240
9554 6764
-7680 129
4176 -95
5984 3178
1252 -1919
-2522 -6942
-4727 -4839
-3526 -2477
6915 -3773
-6207 8599
4252 5039
2327 7039
-7874 8811
1978 -3604
-932 -8819
-1829 -3916
1625 1593
-8365 -9950
-60 -2219
7030 -6738
-3252 4781
4257 2140
-4254 -7140
2079 -1540
-3370 -1694
-5376 -252
-179 -8547
-6074 8181
-815 4443
-8445 6167
7870 -3676
7623 -5414
-4354 4435
-8559 1366
8193 5208
1082 6198
3780 8499
8013 7231
6677 -2310
7307 -9742
8908 -8601
-1941 -2350
6237 8002
-4597 -4754
-7368 -5134
8492 1047
7264 7548
-5585 -9252
-9645 3320
-9139 4819
-4769 -1075
-4717 6341
-5143 9408
5553 1607
3754 -1157
-6543 -2321
2064 -2109
3699 5713
2820 2306
-5494 -3084
8969 1021
7164 9797
-6196 -557
7668 -5052
6244 5266
-5166 -1946
6046 -5946
4027 7478
-7688 -7410
4983 -7678
5805 -9348
-7345 -8905
-492 -6525
-6875 4685
1533 3672
4481 -5913
-9403 5895
4244 -9487
-549 -8838
4733 3351
693 8483
-3123 9192
-107 -928
-2008 -4668
-7555 2418
3218 226
-2392 -313
2039 7026
799 7493
-8795 3304
-2755 2856
4187 1640
-4042 7350
1659 -4444
-4239 -3033
6849 5105
-4236 2186
-2178 717
6529 -1032
-2682 8368
-3415 -2751
-5767 -8143
-1191 -806
1872 2344
-5077 -4294
-3208 -5440
4723 9896
-7138 -6225
5828 -9848
-1790 6279
-8212 -4436
-1167 5383
5654 -996
-2760 -6392
-2418 -897
-2304 -4515
4281 -8279
-9198 -6122
-341 -7974
5993 -8980
-4286 917
-2492 2085
-4213 -8051
4421 -5417
8226 6587
-2768 -7271
3491 -2776
-8808 -9476
9730 5744
4986 2655
-2680 -5588
-9822 2469
-3689 1425
9188 7968
3898 -1604
588 -3479
-5349 -4302
6780 -9841
-5492 -7306
-5618 -4876
-6733 -5987
-3816 -4853
7115 6319
-3957 7814
-6157 434
6340 5231
8109 -526
3585 9928
-5534 -7600
-3873 4680
9983 -9042
83 -2204
7184 -4715
-9782 -5339
1715 7264
356 165
-8973 9383
2853 5624
-9710 -8260
-7224 9840
-3925 -3020
9028 8286
9036 -3872
-2688 646
-555 4742
6243 -6184
8700 231
417 -3507
3061 -4151
-6364 -4013
4276 -3067
5241 -5569
850 -4888
7726 -8951
4116 -2758
1263 3200
3400 -2085
8932 -4090
-1104 -5933
-3764 -8147
226 -6583
-5424 7271
-5160 -5322
4009 3347
-4360 -9629
3399 695
2471 -4844
2102 334
-2661 -1914
-8101 7757
1891 2500
-1646 -672
2627 -3514
-3265 1725
2919 -8478
9310 4260
7903 -3703
-5999 4630
7320 -1004
-7557 -3376
-8489 2714
-8467 5464
-8872 6786
-1270 8831
-8576 -4997
-1714 -4341
9105 4936
7078 7712
3976 3010
7893 -9637
6071 6177
-9098 9425
2318 8404
7619 6553
9630 -3601
-9609 -8108
5950 -4183
-4602 8938
934 -6761
7433 394
-5152 -4751
-2829 1613
-1342 6892
1981 -418
6052 -8872
-8708 3770
8460 3579
-468 680
7341 -1571
7178 6626
-5419 3837
9535 6198
-1910 2425
-9418 8887
-9941 -2650
4136 7315
-2638 6569
-8858 -3272
-5489 -7768
6633 6307
-5538 7636
-87 8007
3024 9745
-8594 -8571
-8623 9222
2900 -2178
7102 3528
3915 4780
-911 -8578
-5846 2039
-3757 -3083
338 4055
6112 -1496
-9881 -8735
3749 -1543
-6786 5639
9857 7522
-5464 7593
9590 -4509
8890 -9635
-3077 6645
522 2393
8824 9715
2887 4679
-2198 7993
807 -8265
378 2028
-2003 4670
-2721 -9820
-1836 -9158
333 -7362
5850 9921
-1174 -3413
3648 5479
-3862 -8883
9097 -7882
7247 -5035
-688 -7334
-7498 -7777
4666 -4467
-9426 6299
6496 763
-6743 3412
-5179 8495
6644 -3655
-3131 -7293
8252 -5871
5587 7230
9796 5359
543 -3847
9882 3548
-3381 -4751
4718 -2949
-4078 5967
