999 1000
-8074 3736
-5025 2650
-9178 277
-8622 8854
-6405 -8929
-9326 7056
8456 -8163
-6192 3118
-587 7401
5158 5822
8168 6927
-6076 5158
9838 6101
-760 6754
-2199 -8233
855 -8673
5131 5506
1944 5887
8201 9249
4075 1719
437 -1884
-7247 -1955
5416 -9059
-4392 -4433
2847 7039
-1033 -1133
-253 5770
4916 -7289
-1524 2293
541 -9587
-2428 -3006
-742 -7758
9830 1287
-1004 -1588
2939 2
6001 -2201
-1516 -5107
8187 -2398
3129 -7439
3777 -5247
-4558 -5079
-7393 -4975
-2804 3200
4021 -9092
9714 708
-6218 -2588
9290 3164
8450 3176
-7165 7876
-44 -7653
6811 -9881
3832 8817
1166 -8202
-283 7025
-681 1833
1984 7933
-31 -9564
2497 7171
8787 2761
-1464 -4095
-7941 7756
-8258 -3361
6352 -3141
7448 591
5315 -7417
-9724 -8465
8713 2059
6487 3056
-1146 -5330
-2953 7452
6729 -2223
-7544 -7728
9210 4734
-2438 -5009
-9256 -9185
1599 2582
6262 -5116
3096 -664
2226 -4563
-7399 6134
7818 -4123
-3548 1979
-9776 -2659
8060 7317
-6040 -5783
3606 8018
-7680 3712
3891 7363
-4424 -5484
638 5228
6760 2201
-2802 -4939
5553 -9154
-9900 -2606
-9565 8296
3898 -1842
7736 -9492
-693 9368
-4436 7588
558 -6756
5604 4239
-126 7563
-1859 7673
9410 -4869
-6211 4601
9350 4166
-9177 -2534
4875 6233
98 1184
-9268 5072
7167 -6221
2599 -1935
2231 -5175
3712 5255
-9116 2811
1690 8759
-9830 -8278
2128 8225
-148 6180
6786 -8121
7307 -7720
8129 1012
-6796 5520
8428 7192
-95 7061
9076 3758
4546 272
-2083 -9614
8377 -4767
3739 2794
8499 8722
9448 7854
6199 2383
7645 -918
-5740 8116
9774 -3478
-5333 6231
-7458 -6100
-364 -150
-6625 386
-1204 -4579
7538 -6244
-2243 -2124
9985 -5498
1203 -9651
1584 -2644
3842 5182
3654 -7394
-2421 -2359
9093 -3421
-4041 -4113
-6811 1523
-559 -6584
6476 -5022
5052 5452
-4426 6555
2232 -6404
348 4654
280 -4274
-5968 7411
7920 1390
-6246 -4512
-9768 -7314
1077 -8277
-8873 9353
-4062 5524
-1920 -4045
-2723 1731
-919 -8546
1940 -8490
-2225 8996
8163 524
-793 -947
-5306 -9912
5686 -7254
4095 6172
4090 -2724
-4204 9485
-5059 1832
-1729 4118
8061 -4760
-3004 -8771
5943 -2856
-9637 -5409
-9625 -358
658 7215
-8081 -4538
9904 7679
-3535 6628
-2146 5545
-4540 -82
5803 -5776
-5854 8649
-2318 8428
-3689 -4090
611 3211
7500 9448
-9014 -25
-5309 -68
431 6195
-5388 -8312
-9947 -7601
6588 5406
-1825 -2888
7258 -291
2055 -5840
-4668 7305
2514 -2065
1713 -5476
-4136 8253
-5587 240
338 7780
-375 9312
4585 84
-197 2539
7123 6290
-3560 -794
-8581 2494
9511 3875
-5759 -580
-6865 8739
4274 3080
510 -7470
-6209 6562
7852 -9175
1439 -4401
6858 9296
-5747 5537
-4392 -1537
1881 3281
3621 -274
3577 -6376
991 1299
8630 -5628
5472 5756
-7671 8271
2171 6001
-6204 8326
8656 -8082
-3837 -4088
-7802 -7133
3659 -8651
-961 8408
356 -5514
-6283 -2126
-5349 733
8448 2005
3107 -1115
7316 -1605
-513 8975
9715 -4620
-7022 -7060
3236 -6039
5025 -5429
1339 -8406
3127 19
-5578 -2965
-1650 9000
-5000 8930
7653 -2208
8219 8488
-4154 -533
1445 -9541
7867 -6342
517 9975
4427 -9554
227 564
446 8900
-7673 7527
3110 1359
-8401 -4617
-6066 2589
-3355 -5237
-1882 883
5207 -7972
-2674 7806
8596 -2008
-9409 -3660
-825 3063
6366 2617
-53 9059
8900 4834
-607 -9719
5980 3384
6387 898
3285 3972
7841 5499
1525 602
-124 -4743
-1783 -5306
-2071 -694
-5671 -3015
5823 -748
-5463 9566
-969 -5386
-5422 7734
3711 6918
578 6579
689 8760
2436 -5516
8725 -6235
-1941 589
-5364 7150
-9286 1729
-2323 -4530
6272 -3699
-84 -2194
3474 8862
-7334 -3273
-9770 -4985
-4190 2907
-3483 -1024
-5888 -3546
-9661 4673
-9394 -7831
-3103 1114
4563 -8702
-5279 -1775
9424 -3214
-1092 9246
-3145 7630
-5298 -2360
-2764 -6122
-6942 -9555
-28 6328
-3378 5013
45 3620
-1079 7278
-9960 -5565
-2435 5250
-9050 2097
-9450 -7146
8238 7430
7456 2703
-258 3594
9975 5414
-673 -6604
3409 6533
2819 3585
-3543 -2555
-487 -3416
1990 7397
3624 -7385
4931 5466
4136 -982
8651 -1880
2294 -7108
609 4831
1783 -668
-754 -3648
8461 6478
6946 5959
-2573 -1039
-9083 4506
-6126 -6991
-6746 3359
2466 7730
-9015 3189
3651 3511
7913 4990
-6365 -6521
-9815 109
-7415 7673
-3731 1299
8557 -215
984 -2780
7399 -3480
-1380 197
9141 -4768
1844 -9965
-5120 9078
1390 -912
-3018 4358
4917 -1344
1590 -2341
2431 -4571
2752 8173
-5338 -2412
-2639 -3178
1502 3553
9114 -5149
-8816 -6932
-6861 6229
-5271 7989
-712 -6314
3520 -4623
7331 4982
15 4751
-3514 -846
5862 -7166
9094 -7263
-1176 -2653
4574 5804
7188 -8433
-3235 2533
3961 -6520
6297 695
-3727 -9360
-2586 -3765
-9258 7433
7809 7928
3459 5037
884 -2683
-1301 9412
6821 -6944
1412 581
8631 -2930
3256 6302
-6939 -8037
9757 -3331
-7655 5195
8814 6597
6153 5583
7297 2610
4761 277
615 556
-5792 -6029
4572 -7038
-5100 -2980
-8030 -2953
4047 3126
2113 -138
6206 5654
-3817 -8282
-310 8927
6616 -5983
-6690 -8956
8100 -9135
-1082 -7453
-7918 4238
3748 -1465
-633 9831
7921 -6346
6842 -4475
1245 -3405
6661 -859
-6982 -3254
6037 9802
-1518 5899
-1063 -3142
-4712 4784
-707 -2040
9323 -7631
4764 730
4592 -6864
810 -987
-2633 -5334
-4908 4057
-2501 1593
8046 -1277
3680 9813
-5425 -6038
360 890
1065 135
6712 -1665
-837 -3725
8775 -8977
-9926 6332
895 -7299
-9245 482
-4504 -5001
868 -9562
3704 7310
-3470 5666
-5098 -6912
-1109 -785
-4106 8022
7253 -7003
-4718 -1757
-9511 -9966
-9574 -7176
-3171 -416
9115 8800
1399 -8122
6368 -9196
-9995 8339
-6885 9897
8879 -252
2279 8759
3729 8672
-8566 -1735
-4107 5047
-217 8675
-1694 2744
3673 -3997
9577 692
1534 -7538
-6160 -3061
4585 6918
-3492 253
323 -395
8712 3583
-2315 9132
-9889 4307
-2695 2509
-5045 -251
1277 4271
4959 6403
4759 -3231
4238 -2442
-9076 7670
-4049 -4294
-2552 1047
4118 -92
5011 385
4577 -4740
7792 -2714
-8310 -7274
-2461 -2159
3542 -8228
1481 -7176
5322 4921
7170 -2399
-1258 724
5989 8921
9283 2435
-1892 -8466
4175 1919
-2531 5055
7901 2695
-8523 8122
588 -7792
2021 -3717
1457 7664
-7535 6287
-9926 1695
-8883 -5484
-7362 -3165
-9885 8057
-6736 2489
9152 8066
-678 -7416
-6196 -3871
-9316 -1424
9475 783
621 8315
5667 4636
-492 4826
9655 2884
3959 740
8911 -3359
4240 3402
9339 -8261
-5799 -5617
2808 -908
9206 5310
9185 -7170
5906 9185
-9130 3720
2922 -2714
90 -9685
-8066 -4155
-4919 1368
5560 -9099
-7899 6328
-9714 488
9352 133
-8564 -5839
-1889 7954
952 56
3590 6940
3360 -4586
-1936 -340
7353 -7573
2411 -3103
-1856 7734
-1398 -9076
-6913 -5390
5538 6898
-9670 -4331
-2672 3001
-2915 5106
2813 -3236
9735 -2432
4062 -2895
-2565 8122
7575 -2153
-719 -9346
-3616 -8204
454 -6016
2273 8666
1064 -1379
9037 2613
-7502 -6939
-795 -1108
-7752 -830
-1843 -6985
-1043 -4085
1350 3133
-8417 -7077
9048 2095
-4207 905
9608 -6318
8600 5023
7219 -1553
-9542 -2920
-4466 -7837
-6197 -9460
4255 -1169
-1161 1459
-8356 9719
-7789 -7966
-8048 -8014
8300 -2893
7489 -5857
2982 -269
894 -2036
5904 -2704
-1153 -3361
5123 901
9341 1980
8636 -6146
5008 4896
9432 1160
5611 9265
-1281 -9081
-7292 -7032
-8855 3870
-791 7296
-3189 -7915
2350 -1101
-8643 6691
7645 1219
-4295 4741
3896 -7263
-7913 -5377
3935 8063
-4991 8326
7128 4340
-9498 2690
-5233 11
4512 5188
-2108 -4389
433 -1571
-6939 -6649
-8275 2834
6500 4122
1168 6360
-1030 -747
8539 -8888
4822 4375
5153 -4235
2603 9751
-4421 -4341
3863 -9169
9645 -7739
-2569 884
985 2169
2676 -64
-4587 -2219
2988 5577
2839 -3645
4066 -9614
6397 9308
3407 -4245
-404 -8789
5361 7231
-7748 8631
4348 -7024
-1686 1503
-3620 3449
2976 -5030
7255 -6571
-947 -5636
-8970 -5639
-6636 6214
5556 4511
-5766 7865
2218 -2289
-1589 -4057
5629 -4581
4626 8216
5213 5021
-4872 9494
5319 7243
5808 -528
-6679 -4031
1434 4407
8279 2629
5099 9012
-9605 -2328
-4621 4280
312 3199
-3806 -8868
-7641 2919
-6914 -3271
3809 -3060
-3884 -7644
-2879 -9100
8068 896
9941 4668
-3231 9040
-7606 7256
6951 -5994
1000 -6126
-3221 -4611
8711 -5107
-8841 -273
-4182 5485
-8602 4299
1512 -4683
8383 5624
6968 4555
3986 6889
-3091 4968
-2209 9658
9353 4847
-9132 1551
5250 -7987
-5170 -3784
-3954 3397
8105 -3938
-2980 -3046
-270 -3037
6844 -1028
-7094 -7284
3523 1813
-3675 8833
-1940 7458
262 9494
7632 -4357
-4632 -4905
-5997 2828
-8058 8865
-9449 4324
636 6837
-8756 -8885
-3225 9077
-9870 -64
-8730 -954
390 -8032
630 3687
3315 4180
8358 3164
-6308 9297
-1159 7537
9968 2040
7064 -3110
-5033 -1712
4150 5091
7079 -4432
1572 844
-8634 -777
-2189 1073
4048 3895
-3103 -8859
-5487 9435
-6455 9702
-1218 -1406
-9220 9764
-5152 -2183
-7634 6505
6947 7345
-7843 5973
-5826 -4362
-1089 6539
-7983 -7850
-5799 9942
-5513 -7191
2814 -3168
3114 5355
-2872 -4675
-3947 -3665
3269 -265
6626 1547
83 4410
-1407 5864
-9755 -9165
-7519 2164
-1611 5875
581 -6091
4935 5674
4944 -1595
-6142 7636
117 -2819
-3518 8649
-4679 2235
5658 4071
942 -4349
-3375 -6205
2400 3445
9395 7227
-6827 -10
9373 1571
-293 1962
-3737 886
-6327 3826
7428 3401
3572 4009
-587 2447
-2484 -542
1732 -29
-2617 4391
-8724 -212
-414 -263
8905 -725
3002 1238
7382 -8243
7840 -4705
-2734 -589
-1081 7216
-5842 -2575
4361 -2795
5554 -820
-6087 7973
-773 4721
9874 -6294
-2952 3992
-1875 5985
4703 -9240
3839 3165
7332 -8195
-6988 -4826
-645 -5660
-5704 -4953
-2614 -7167
-9854 4704
9954 2280
8444 -9535
1387 5312
3010 3802
7475 -8960
2968 -1092
4092 3919
-4068 -9735
-6880 8765
8340 -917
-3278 -2491
-6005 -1939
6855 -3453
1452 -9432
1805 9707
2974 -8950
-4198 -5799
4726 -7946
5548 5315
8653 -909
-4622 -9766
-4258 -4153
374 1894
934 -6791
1533 -9961
3448 -5398
9658 3829
-2206 9495
-4456 -7868
4861 8275
6116 -6994
-2507 -1934
-9311 3958
-7039 -4011
-835 -6341
6130 -2983
-2156 6612
1589 -6524
6373 -262
3597 9252
8537 -146
-3704 2730
-3547 3779
-2159 -4361
4366 5724
7686 4003
7796 1282
2220 -7524
-6126 -1230
2991 1256
5285 3974
-8761 -2323
-5528 277
7445 -4890
-3290 -5131
2197 3389
1045 -8303
-6049 -1880
-5909 6931
7836 -4506
-2998 -5798
6352 1740
-2106 180
-2189 3922
356 -5192
-5565 9688
4583 -6231
-6798 3501
-7696 3239
8596 -6891
523 -1753
2082 -5681
-307 -7350
4824 -6804
930 1895
3748 -652
-1774 -7051
6066 -7608
-5037 9844
-914 -7401
-7424 -8660
-1033 8963
8326 4776
-7420 -360
795 9653
6663 -8387
-4201 -8070
-5646 -3792
6449 7796
4463 394
-9423 -5040
6482 5893
-4497 4558
8507 -4565
-4650 7378
1412 7712
-9465 3412
-8045 -981
6839 -4105
2320 -1326
8528 -7739
9710 3734
-28 9523
1045 -2610
4717 -3775
4533 2681
637 -7760
6898 -6972
-4722 -1761
-1895 -2277
3195 -792
-4271 -91
-3162 -836
-2260 -6889
7738 7014
-6538 -4257
-1036 -8871
325 1646
-8625 8897
-9172 -9615
-1011 1749
-7727 4893
-1472 911
-2000 -3281
-1464 1222
2095 -8806
-4624 9835
-7673 1008
-2195 758
-2235 3300
-8807 289
-7982 1574
-5189 -5190
-5508 -8042
-1522 -707
-270 -1705
4160 6691
-5355 1315
-4601 195
-944 -3647
-3198 -8467
5336 9990
-3849 9402
2610 8817
-7302 7660
-1757 8951
3929 2337
-6724 8036
-4390 323
9028 -9141
-5522 9048
3579 3142
-7726 -6204
70 9996
-2567 -4636
-3826 -6879
1912 8777
-9329 -8928
-7017 5447
-2974 7621
2982 466
-904 -2610
4597 8128
-2693 -1093
-5350 1512
-117 -9924
2091 2144
4568 744
3204 -7340
-9732 -5070
3671 5671
-4651 -865
-1028 8819
-7075 -7277
1003 9118
2088 -3738
1359 -289
-6816 6713
-1090 -5519
1026 3577
-2344 3520
4758 1194
-1882 -9258
-1963 815
-4438 2000
1930 4838
405 -275
-8967 3667
9508 8370
9501 -8322
-3837 -4352
7293 -3138
4106 -5689
6798 589
872 6355
2579 -540
-4429 -2248
-5342 -6911
-9465 -3441
2519 5132
4497 -3766
-2310 -2487
8195 5131
1896 135
-6520 3014
4732 -1800
-4298 -7108
5435 4826
153 -834
6078 -6194
-7097 7621
-7294 1052
-9955 9512
-6968 -8425
-7417 -5044
4284 -4561
1842 8623
-1085 1304
-8439 -2049
9069 -8998
5217 7877
-7863 6079
-8695 -2552
-4254 -248
-4359 -7090
2465 6440
-7247 -9381
-9753 -2626
1728 3763
-9247 9194
4503 -1660
2024 -6209
6708 7072
-5888 -1867
3468 2256
-7120 -493
-3983 8231
1735 -6557
3806 -6854
9264 -2697
-840 1055
-3895 553
3808 9876
7718 6254
4688 4984
-8332 5265
9476 -2377
-9387 8279
-9706 1622
2257 8448
-7025 3022
-6496 -5090
-9908 2749
1229 5836
-4350 -5056
-500 -1163
3675 -2799
8702 -2697
-8541 6589
2551 1513
-3500 -820
-2561 4640
-8490 6774
5456 -4600
-3151 -121
-7988 -815
3710 -2956
-5301 -9799
-7902 2088
7420 -5516
4222 -2891
-7992 1489
6912 -3739
-8544 -5107
5096 -9895
-2275 -738
-2574 3124
-3845 738
4113 -660
5759 881
9215 2373
-9261 1639
-366 4732
7190 1648
5204 -3872
545 2680
1738 7565
-485 -2319
3149 -7586
8810 -18
-1739 6508
-1168 -6013
-8496 -7967
5016 9999
7360 -8353
4462 2974
5907 -77
-5094 -8811
1209 -1781
-7856 -6329
-5524 6407
5901 967
-3391 8351
9113 3527
8118 4282
-272 5424
6488 -8433
4265 9688
2371 9420
4382 5657
-612 -290
-5946 2023
1808 7112
9363 -9108
-7662 2717
-4084 -5294
-3051 754
-4085 -8990
5562 5333
9091 -6013
-8305 -6687
-3843 -2904
8877 -5333
-5598 552
-6915 7805
-8541 2760
-5222 354
4888 5178
-1326 1798
-6047 -5982
-671 -4819
-5683 3201
3412 -3531
8995 -4625
6207 3230
1878 -9407
5104 -1898
-2161 -7632
-7402 1636
2870 -2340
-9387 -1572
577 -7071
9656 -4037
4951 -8921
388 7332
1465 6481
-8388 -1743
9424 -7085
7433 8511
8182 8322
-8139 -9464
1641 -387
7936 1742
5832 -1996
9573 4695
-8004 -9753
7564 -49
7940 -582
-6362 6770
-4112 6342
-2104 -4656
4437 9258
-8917 9237
-3254 -3479
4272 1007
3963 -3901
5990 8290
6769 703
6353 -424
-9917 -4489
-4023 -662
8021 8617
4246 2885
9588 -2471
7324 3406
-7079 5779
4964 9246
-7119 3592
1039 5064
-57 -6496
9594 -3666
4917 5094
9261 -6899
-7362 2293
-2569 4583
-8405 2253
-5605 -2403
-6418 -4455
6459 4765
-8365 8223
2493 -5686
4504 2172
3488 -7841
6438 -2437
-1726 4177
-7317 2463
6940 4635
-4868 -7545
6 -2232
-5191 3254
-7028 -3627
-7649 3391
-5896 7512
5516 -6786
-9406 7746
2146 -3741
-7057 4720
3770 -8099
1973 -8665
3876 9842
1746 2316
-4490 -1251
4297 1855
-4114 635
8856 -1134
-5246 -2490
523 4185
9369 4184
-581 6527
9316 8197
7811 7157
-4167 3264
2546 -2940
-6539 2533
627 2869
2287 4337
456 8743
-5873 636
8875 -9996
-5414 9133
5061 -2331
9110 9363
2851 -7022
-8230 -7859
-6438 6233
630 -461
-4517 6519
-1692 -3574
-7311 6064
5970 1901
2387 9152
-1762 -1366
-7986 5747
-3912 -3687
-3790 -2655
7942 9987
-9477 5834
-5433 -7260
-2132 -1099
2915 6454
7987 -6529
-1552 6491
-9614 -8757
2735 -236
-3649 6817
5833 612
-5742 -4236
9388 -7142
-266 5894
280 -6800
124 8820
-1503 -4150
-8124 -1449
-8193 -6143
279 -8797
-9125 -1464
9829 4141
1199 -4248
8556 -4560
536 6428
-937 -4285
-3765 8625
-3847 9225
-3891 2102
1371 6681
239 161
-4969 3246
-4721 7287
-5919 -8385
-1291 -5703
2312 -6569
-6197 8985
1837 -8151
124 -3632
-854 -5037
7088 -6489
-8918 -8993
6773 4045
-5877 -394
-9438 -9492
3595 -4417
-8580 -2719
-9855 -7032
-6384 -1336
-6592 -5497
9518 -4429
2069 1152
7482 -8020
-1267 -5554
-8206 -5370
-303 4303
848 8791
5949 -429
3081 -5232
9269 8543
1457 3285
-6836 5720
-9081 7271
-510 -5949
2285 7171
7192 1161
5265 -5218
-4873 5971
8116 -5148
4463 494
2014 -7788
-4500 7143
-3233 3558
4955 6603
1186 1205
-6816 5516
8418 -9997
895 10
1529 1267
2837 -9934
4796 9823
-5066 -8485
-2150 1923
-6241 4618
-1120 5609
-27 3763
1016 -2839
-4649 -6284
-1772 4903
4365 2974
-4442 -2290
-4720 -1977
7881 6381
-8065 -3282
5448 7435
1437 1347
9089 -9116
-9644 -3642
-5766 -7334
8422 3842
-1373 -4710
-1863 6436
-889 1107
1660 4624
-4487 -2072
3204 1058
9341 -6280
-7758 8533
5647 -502
4706 -8639
-8074 -4177
3814 -463
8616 -6352
-1408 8421
-7354 6040
1427 9160
539 -6458
4260 -908
1636 1086
-7762 5790
9677 433
3672 -8815
8599 2193
8541 4901
-9731 -9025
-1209 -5818
-1164 -306
-2849 -8046
4855 -470
-8686 -8421
-9919 8772
-5013 -3484
-4545 9093
1885 -5063
-7918 -7402
4714 -1702
1730 -1986
1498 -8188
9706 4034
1102 2876
9712 -8111
5874 4184
3655 -1222
2600 8580
3212 4144
-4462 -943
2827 -6159
-6812 -6426
3326 -2364
2216 -7841
3705 5901
-8313 -540
3921 8573
-9909 6982
7536 5872
9341 -4789
-5817 -9790
581 419
1827 -5865
4826 -1961
9175 -80
7127 -2482
5232 -3804
-7771 4193
-3657 -182
-9588 -4565
-8018 5807
9410 4842
1566 -9784
-9157 2700
-7903 7799
350 -981
1393 6082
-8028 8525
6243 8660
-8591 1068
1428 2288
617 7000
-2580 -1860
-8302 -6554
8229 -7275
9793 -2538
8803 -6266
4481 -9892
5456 -2315
6394 3453
6445 -9191
-6355 7789
-7792 -3827
-4030 -3449
8505 -498
-4468 9682
7031 2031
-1423 5050
-8022 4912
4629 -1857
1112 4897
1536 -4960
6826 -3747
1783 -7975
7727 6908
7934 -501
265 879
1903 -1535
7007 5593
-5771 2768
8809 -9748
-5075 5815
8085 -8444
3421 4182
-3014 -5632
-8715 -7112
4516 6394
-8816 -3929
-9442 1782
-6174 4483
9269 3031
7101 -1960
-8636 8136
-6192 9250
-125 8942
5877 1212
9449 329
-4994 3139
-3852 -3531
40 3027
-5979 -3889
4210 -6733
5067 -8798
-5127 -3229
1645 -5216
-3190 -2198
-4188 -1175
8203 -3777
-5082 -9598
-932 -1359
7733 -9276
7700 932
-5107 4769
8277 6857
9465 3368
1945 8060
7937 1428
7521 -814
1752 -3872
2337 7686
-3528 -3014
-2651 6413
-2645 -2776
-531 5217
-1180 3393
5430 1476
-6419 8972
8362 -5186
-5338 9983
-7990 -1826
-6355 5968
-3910 -4953
2247 -7610
-6133 -1460
-7458 1972
2326 -3856
-9585 -9904
-4521 -9891
1610 3522
6400 -1638
5974 -4446
-4088 9975
-7974 3405
-5770 2070
4730 1859
-793 1510
6371 -8040
9691 -4733
-5008 6669
465 -1940
-3204 1146
-4741 6170
-5935 8720
-6492 -2375
-4555 -4281
3451 5362
3906 3313
8801 1970
1299 -430
8400 5431
4719 1425
2815 -3267
5471 1574
1791 -9694
4277 -107
-3409 6308
-9763 6524
9052 4518
-8407 -1848
-7640 -9907
8820 162
799 6635
6459 2506
-6678 4437
6696 -1580
-2636 -4164
6735 -2498
-9146 -5225
-3196 7529
3132 -1188
8174 7890
-2207 1238
7553 8442
-8802 -9083
-7050 -1171
839 6596
7689 -9666
3831 6532
3698 -7612
2906 -3933
-5022 -7943
-474 -9965
6351 3216
-7125 -9242
-2547 9061
2116 7935
-1721 7401
-5847 5093
-9377 -6761
3151 -8600
-9981 -3706
4159 -1674
-2977 -7715
-2274 -3847
1981 7569
-4692 -4029
8169 5568
-6573 -55
-8537 -417
-5756 -4290
1645 -251
-3744 -9795
-1389 -8809
-1951 3977
-8910 8857
-2781 -3517
4890 -6604
-6971 -2434
-6521 1644
-1823 -8778
-6741 7788
903 -58
-9610 7195
-4849 2395
-4142 -1596
1371 -6524
74 8505
6196 -9174
4067 -2408
2015 7439
-6848 6467
3441 4965
3108 -2341
-3398 -7981
-4281 -5000
5056 3296
9598 4668
-8211 5845
-1742 3981
-5285 5253
-8892 9493
-5536 -6023
-5707 1264
4780 -5316
519 4719
-3345 6221
-6198 5576
-1153 -5461
1539 3352
-8314 769
-769 5658
2799 689
4631 456
-912 -367
2780 -1841
-315 2545
1361 2475
-7656 5179
-2866 3185
3314 877
-8011 9598
-3384 -5832
4032 4537
5894 7784
-6358 466
7328 1746
-3936 -9595
8673 -100
-9769 3455
6251 -7850
4400 7107
-5196 -6293
7518 -2476
211 8656
-7668 -3827
4612 -2154
-5067 7795
-8151 -9422
-1499 3797
-5887 6430
-3090 6790
3006 -4014
-5284 -4968
-8360 3392
6263 -9157
5060 -1932
4723 -5474
-1716 6361
860 -4861
6954 -2219
-9109 -7138
-688 6044
8369 7851
339 -9843
-6880 9408
4857 7423
7968 4605
5415 1539
-6948 -9565
405 1531
-9860 2187
5860 -3582
2169 -6745
295 6936
7044 -1326
-6786 1985
5960 -7519
2292 -2747
1583 6363
2674 2052
-2639 5765
-1268 7986
7084 4233
-9918 2768
-1573 3811
8419 -7465
500 -8660
-8022 4020
-2985 -3563
3227 7941
-6521 7685
5428 -3422
-2345 2461
-6784 3197
7174 38
-4072 -3119
4241 1980
-4486 1564
-4220 1105
3967 -875
-3705 -5640
-640 1523
4152 2029
-4333 1136
4110 -7884
6061 -9748
-9059 -5506
1796 3447
-1842 7247
-422 408
-6395 2114
9183 -3023
-7975 618
7178 2201
6121 4845
-6957 -9517
-365 8741
7890 -8584
-8776 2873
-2828 -7338
6680 -1598
-5350 9717
7238 -4087
53 -3998
9818 -5553
-9045 2564
-1559 -4461
5691 5784
-4851 -8197
1667 2130
-3943 7315
-7750 3109
-4377 -2250
7208 -9483
-7743 -4827
-9805 -7249
8034 7547
6367 3634
4140 4563
-8494 3778
-3856 8776
-9488 7034
9232 4448
4391 4514
2921 5922
-6343 -8161
-7364 -1025
-952 -4078
8566 2795
-5036 -9559
-3000 141
688 895
-6315 7421
4391 6444
9900 5867
6585 -6395
-7330 -7504
5399 -3496
-5886 8306
9303 -7606
332 -3477
-1633 -6012
7520 -4507
5885 -2602
147 -5604
9465 -4100
-1178 2527
-5253 -535
3447 -3322
6426 3946
-538 2636
-9327 5604
290 3518
7962 -8804
-1943 2273
9282 -6760
6935 261
5739 5236
8943 -9287
-7602 734
-2861 2326
-6214 -5272
1805 5245
2652 -7696
-134 -481
387 8435
3032 -9450
6941 7224
-7738 -3518
892 2435
1886 3286
-380 -6325
-971 155
4201 4351
-3248 3185
8489 6965
343 -8760
-2592 -9768
-7480 3236
-9166 -6492
-5893 4075
3815 -973
9829 -8692
-6205 8549
2544 -9012
8106 3738
-7021 -4210
-8742 1618
4727 1236
-329 -2098
-8883 4975
-1413 6752
9289 3674
-8909 2251
-2775 -911
-3352 7136
4819 2756
-3542 -8357
-4519 -9769
-2700 2441
6509 6969
7265 2848
2867 3986
3327 8787
-5604 1538
-6762 1005
-493 7205
-4320 -9887
5004 6579
-6384 -92
-4181 -3151
-6491 -5986
-5248 -913
9688 -5863
-1253 53
12 1545
6467 6242
1944 7418
-7874 3992
-3769 -9865
-974 -7307
1885 -7822
8727 -3803
2471 3087
-6514 -4913
5009 9618
4643 6376
5365 -5988
5854 200
3777 2654
1 -1191
9112 -5879
6947 -9512
3438 -1594
8311 5744
9341 5617
-2041 -5530
2566 -83
-9664 -4136
-7632 -9151
-5108 1796
-1268 5897
5546 7518
1869 2381
-6869 -7234
-7919 3056
-4297 6079
-7324 -606
7795 5090
-5039 -1139
-357 -4157
-9637 2628
-5251 -1900
3782 -2936
-472 2641
-5656 3784
5154 -6276
-3685 6687
-7102 -6735
7429 4326
-3474 167
-937 -7374
7521 8801
-3489 -4613
435 -5536
9381 -8269
-1795 8781
-9563 -4039
304 -6275
276 6819
1515 9824
-9945 9693
-1078 -9162
-2426 -6421
-1593 -8628
-3156 -9495
2341 4794
-1847 -3445
2387 -8540
-6812 412
9978 5460
-7616 3527
1460 3242
2153 7949
6906 -4199
9344 -3266
6587 -5039
9359 -6765
-9620 -1483
-5388 -5662
668 4601
-3627 -9060
-4714 -2629
-3718 -9014
-6606 7002
206 -3058
4835 -802
-3830 72
-1660 -857
953 1361
-3013 6497
-3735 4831
6233 5714
-3498 9519
2186 9022
8399 9722
8473 -8647
2298 6761
-5127 -506
-4404 3870
5618 -201
2190 -2343
-3356 -5061
-5920 6804
-8105 10000
-4785 8034
7708 -7351
-5311 8314
-733 -7310
-4889 3371
2573 7639
-9314 -6006
-1102 -8880
4541 -1932
-8628 4984
2064 -1669
6278 -9031
-5211 8881
-3613 -6143
3572 2614
8793 2282
7365 3378
-1457 -1468
365 5512
-1751 2011
-3857 4290
7557 -678
-6162 5731
5867 -2872
-186 2255
-2782 5078
6931 5323
-5814 -7942
33 -4977
-6414 7020
2080 6478
3228 3239
-7669 4590
-1088 3341
945 2009
7197 7018
2611 -2608
-6020 -4451
7505 8720
-9415 5373
7241 3915
5192 -1698
-7126 -2423
-5784 -768
4637 9194
9635 1641
